	type	lambda	psi	psi_p	p	pn	R_naught	infectious_time	partner_removal_time	lambda_error	psi_error	psi_p_error	p_error	pn_error	R_naught_error	infectious_time_error	partner_removal_time_error
0	BDPN(psi)	0.1840266948362113	0.0717598517429793	38.47233607100039	0.1181188728947106	0.1853389017968048	2.564479863968164	13.935368812935636	0.0259927028645858	-0.012418086517386368	-1.3537446398668919e-15	0.10785490054904896	-0.019216215074271015	-0.04977181405059672	-0.012418086517386273	0.0	-0.09735471720673618
0	BDPN(p)	0.1760418866026212	0.0613158266691707	38.34576634410334	0.1373350879689816	0.1867388317078654	2.8710676535840327	16.30900298214188	0.0260784982369709	-0.05526867512975634	-0.1455413412950715	0.10421018056258186	0.0	-0.04837188413953611	0.10564895708604259	0.17033163607431018	-0.09437531223402695
0	BDPN(lambda)	0.1863406896418938	0.0705203573405501	38.46474323283514	0.1152928763692074	0.1851561424708331	2.642367348509527	14.18030250713132	0.0259978337551037	0.0	-0.01727281163942164	0.10763625609359073	-0.02204221159977421	-0.04995457337656842	0.017576405582342587	0.017576405582342514	-0.09717653742502447
1	BDPN(psi)	0.2344130479460381	0.1367915364453525	13.846551438170756	0.9	0.6489416683962687	1.7136516924764915	7.310393800565974	0.0722201484221769	-0.03300737421496592	0.0	0.07895502975857976	0.2553181094089054	0.017008725460322616	-0.033007374214966	0.0	-0.07317731284523239
1	BDPN(lambda)	0.2424145145426879	0.109411366796509	13.762201146772655	0.9	0.6456276555739181	2.215624588563522	9.139818185983092	0.0726627949508286	0.0	-0.2001598224593503	0.07238226168907365	0.2553181094089054	0.013694712637972062	0.2502497724918024	0.25024977249180247	-0.06749669802917758
1	BDPN(p)	0.2516924821574122	0.1299458421840329	13.821791578900529	0.6446818905910946	0.6248847820053819	1.9369029276131693	7.695513632392887	0.072349520993106	0.03827315221709011	-0.05004472088852083	0.07702568476498935	0.0	-0.007048160930564151	0.0929705587701115	0.052681133511179305	-0.07151703608795273
2	BDPN(p)	0.4527654811632651	0.1414483528096325	65.61875717167901	0.6502420905626694	0.8381424703079475	3.200924381018539	7.069718240875127	0.0152395449579102	0.016831937113424348	-0.041756357446513064	-0.08008626727688327	0.0	-0.008678675228450117	0.06114133395533262	0.04357592953629438	0.08705845388328705
2	BDPN(psi)	0.4295782978947929	0.14761209626469	65.78407834984947	0.9	0.8556692491154283	2.910183574146229	6.774512558963013	0.0152012466402866	-0.03524241364871477	0.0	-0.07776861865529969	0.24975790943733067	0.008848103579030653	-0.03524241364871482	0.0	0.08432658032293956
2	BDPN(lambda)	0.4452707125314855	0.1191336340107984	65.66447018648145	0.9	0.8491241400928419	3.737573492395319	8.393935166196297	0.0152289357876502	0.0	-0.19292770019894273	-0.07944541347389332	0.24975790943733067	0.0023029945564442267	0.239046365792135	0.23904636579213476	0.08630168665357824
3	BDPN(psi)	0.1611274240986828	0.1150916618170136	33.81138838797377	0.687240715615123	0.7083663536404912	1.39999215890081	8.688726743644718	0.0295758336961899	-0.056958981005378696	0.0	0.01760859184160377	0.17535533214018473	-0.08367367944196802	-0.05695898100537906	0.0	-0.0173038946239027
3	BDPN(lambda)	0.1708594015035118	0.0778605216311029	33.612639649714176	0.9	0.724013367083959	2.194429191124999	12.843479327532908	0.029750713137119	6.497874947796408e-16	-0.323491203429708	0.011626926097804273	0.38811461652506174	-0.06802666599850016	0.4781773793182232	0.4781773793182231	-0.011493294413044863
3	BDPN(p)	0.1681391076054827	0.1047175266249653	33.70894953140617	0.5118853834749383	0.6921078000429175	1.6056443751546476	9.549499804186484	0.0296657123375593	-0.015921242109542835	-0.09013802588533593	0.014525528248193358	0.0	-0.09993223303954168	0.08156927741486103	0.09906780198506866	-0.014317558152799852
4	BDPN(psi)	0.2571399972481692	0.1016213987419757	37.83709104940788	0.9	0.7548227375079604	2.5303725438877964	9.84044711428421	0.0264290930477238	0.04645109187927296	0.0	-0.03719478030086267	0.03810295477590586	0.004039600149992717	0.04645109187927257	0.0	0.03863167704105701
4	BDPN(p)	0.2587675113049515	0.1143469662080238	37.870816776816646	0.8618970452240942	0.7547880050241743	2.263002857760066	8.745312911763365	0.0264055567085674	0.053074386115855694	0.12522527364890204	-0.036336593122971335	0.0	0.0040048676662066685	-0.06412128239803412	-0.11128906947034632	0.03770672712449049
4	BDPN(lambda)	0.2457257670651224	0.1120757217603027	37.86932815772283	0.9	0.7572443571921268	2.1924977435403736	8.922539014637874	0.0264065946941302	0.0	0.10287521277749087	-0.03637447262675759	0.03810295477590586	0.006461219834159149	-0.0932791050026495	-0.09327910500264952	0.03774751871290743
5	BDPN(p)	0.2077283486976308	0.057835429142528	23.801073813524702	0.4719479360976953	0.60992955442603	3.591714486732876	17.290439698054747	0.0420149110848839	0.008679662278795883	-0.00813570619607888	-0.0014277345135265882	0.0	0.004681459498544038	0.016953295506168253	0.008202438828478431	0.0014297758538587724
5	BDPN(psi)	0.1959067467779668	0.0583098207121884	23.86391763292781	0.6347981895633314	0.6245549887477572	3.3597556018040806	17.14976976067036	0.0419042679991563	-0.04872323677990658	0.0	0.0012088732128661287	0.16285025346563614	0.019306893820271176	-0.04872323677990657	0.0	-0.001207413602906089
5	BDPN(lambda)	0.2059408516558504	0.05	23.82057080787442	0.6610657306729768	0.6208120275228692	4.118817033117009	20.0	0.0419805221321324	0.0	-0.14251151196648093	-0.0006097395789067508	0.1891177945752815	0.015563932595383245	0.1661964142437694	0.16619641424376935	0.0006101115880887869
6	BDPN(p)	0.2650999119653092	0.0634273344494226	15.164449245930548	0.2616311052142215	0.0672488038476804	4.179584626509907	15.76607323452014	0.0659437071391402	-0.011537149500774183	-0.004300430134946262	-0.12273491860116038	0.0	0.0025362811960601	-0.007267974783608238	0.004319003708646924	0.13990630791488182
6	BDPN(lambda)	0.2681941074785155	0.0634279048840258	15.190442707729572	0.2594934364604201	0.0670079561000219	4.228329912029926	15.765931443399252	0.0658308661070921	0.0	-0.004291475297194074	-0.12123119393492647	-0.0021376687538013917	0.002295433448401607	0.0043099714331303815	0.004309971433130523	0.13795573204034306
6	BDPN(psi)	0.2628776344670557	0.0637012773421393	15.226950932766274	0.2710028040537311	0.0671205157296244	4.126724697452156	15.698272338072655	0.0656730296443091	-0.0198232282634536	0.0	-0.11911918904182796	0.009371698839509612	0.0024079930780041003	-0.019823228263453514	0.0	0.13522736283953835
7	BDPN(p)	0.3966242091961766	0.1970715419446097	32.71991337970815	0.8189272507748462	0.8793869132669823	2.012589972567701	5.0742993642434016	0.0305624280967738	0.035487729647646495	-0.008299189572666262	-0.011223248384250078	0.0	-0.01710208502394872	0.04415335629447035	0.008368642523434347	0.011350639429889257
7	BDPN(lambda)	0.3830312980445832	0.1882023304552376	32.71508763896228	0.9	0.8825247854389825	2.0352101757617924	5.313430485058959	0.0305669363027792	-2.898517772027943e-16	-0.0529307184837959	-0.011369079462818957	0.08107274922515384	-0.013964212851948488	0.05588896136411111	0.05588896136411128	0.011499821851253375
7	BDPN(psi)	0.3913852875362583	0.1987207632306861	32.73056747412665	0.9	0.8826459028106892	1.9695238744726256	5.0321867918710845	0.0305524797512446	0.02181020071812151	0.0	-0.010901287847610526	0.08107274922515384	-0.013843095480241763	0.02181020071812155	0.0	0.011021435690567048
8	BDPN(psi)	0.4415686156178532	0.0942115318037467	11.878238319008766	0.9	0.4465664026470177	4.686991148150424	10.614411854411973	0.0841875683197649	-0.04791505302323046	0.0	0.060697713026820976	0.16550261780998832	0.010904221444318518	-0.047915053023230555	0.0	-0.057224327234206535
8	BDPN(lambda)	0.4637911953339887	0.0800837160978474	11.773236918801487	0.9	0.4421132601197526	5.791329597733975	12.486933033654248	0.0849384079244198	0.0	-0.14995845450564524	0.051321344067609145	0.16550261780998832	0.006451078917053432	0.17641308863137337	0.17641308863137295	-0.04881603931776442
8	BDPN(p)	0.4647381526832989	0.0946243497937908	11.797378770724464	0.7344973821900117	0.4384555778580738	4.911401279861628	10.568104321765372	0.0847645921551259	0.002041775175633148	0.004381820167238601	0.05347715256674949	0.0	0.002793396655374647	-0.0023298360689326283	-0.004362703584688305	-0.050762517664911175
9	BDPN(psi)	0.3159537146535531	0.1580704841656041	40.68095904070024	0.7984455942312442	0.4997292282293075	1.9988153786037688	6.326291750661937	0.0245815247128153	-0.07118991956161405	0.0	-0.06876412849508345	0.27572285359474025	0.014170112966780779	-0.07118991956161413	0.0	0.07384179518767643
9	BDPN(lambda)	0.3401704194515494	0.1076757891322607	40.308771188252514	0.9	0.4958662869386083	3.1592099040361816	9.287138808629267	0.024808496278136	0.0	-0.3188115434665646	-0.0772839541656371	0.3772772593634961	0.010307171676081583	0.46802252799320065	0.4680225279932005	0.08375702851872649
9	BDPN(p)	0.3513587503651258	0.1494199951189011	40.57191014883579	0.5227227406365039	0.4696081221076162	2.351484151003563	6.692544724046127	0.0246475947603047	0.032890369867007094	-0.05472551749534857	-0.07126038822559855	0.0	-0.015950993154910498	0.09268830269299531	0.05789378482993097	0.07672805953592345
10	BDPN(p)	0.529512019152012	0.129375824323324	14.140638028301352	0.8426584111247469	0.3273296912634742	4.092820447108455	7.729419350410421	0.0707181668888334	0.04899307566085361	-0.04704434045206254	0.1773996702542196	0.0	-0.07143267937373188	0.10077847290237472	0.04936676746783745	-0.15067073206833606
10	BDPN(lambda)	0.5047812339642237	0.1271664412228531	14.13247020097566	0.9	0.33092753511843	3.9694531757762936	7.863709878045165	0.0707590382841184	0.0	-0.0633182010493995	0.17671958798489662	0.05734158887525309	-0.06783483551877612	0.06759841081607164	0.06759841081607147	-0.1501798642508581
10	BDPN(psi)	0.5168470136594996	0.1357626905586533	14.29329687549468	0.9	0.3276254701159123	3.806988588195421	7.365793914992952	0.0699628650206281	0.02390298783597619	0.0	0.19011058725719196	0.05734158887525309	-0.07113690052129379	0.023902987835976202	0.0	-0.1597419511201342
11	BDPN(psi)	0.1705526391072412	0.1236421947367942	50.69871383336962	0.169336566198813	0.0524255635547793	1.3794048178318783	8.08785384414091	0.0197243662489482	0.030997271299080167	0.0	0.2816059006059556	-0.01554763005802981	-0.022186836617906797	0.03099727129908009	0.0	-0.21972893576161817
11	BDPN(lambda)	0.1654249180430332	0.1174545454467431	29.22366442277846	0.181949469553621	0.0602405523975078	1.4084164849800644	8.513931889110456	0.0342188435212302	0.0	-0.05004480309673565	-0.26125895649625525	-0.002934726703221785	-0.014371847775178297	0.052681224609197226	0.05268122460919726	0.35365431336688535
11	BDPN(p)	0.1642470525094071	0.1170622312510446	50.45278687345788	0.1848841962568428	0.0529702203215092	1.403074678776392	8.542464886522282	0.0198205106589677	-0.007120242509775227	-0.05321778297252674	0.2753891463905161	0.0	-0.021642179851176897	0.04868864204851625	0.056209107031614726	-0.2159255841010553
12	BDPN(lambda)	0.5410693624378136	0.1160072683305146	16.73987778089694	0.9	0.2598883068016453	4.664098812293906	8.62014953365607	0.0597375926568096	0.0	-0.3061316679626586	0.01673566908144383	0.3363357288458697	0.02157277355204723	0.4411956185747703	0.44119561857477024	-0.01646019667684549
12	BDPN(psi)	0.5179241581863654	0.1671891668407653	17.323890606791757	0.7158995257126602	0.2534469994854229	3.097833238678961	5.981248778830402	0.0577237540167769	-0.04277677846545656	0.0	0.052207055375907904	0.15223525455852993	0.015131466235824786	-0.0427767784654568	0.0	-0.049616712898068634
12	BDPN(p)	0.5524293205823925	0.1701664852519308	17.255724886104357	0.5636642711541303	0.2473356702798372	3.2464049531523385	5.876597841928181	0.0579517816029436	0.02099538235429942	0.017808082110972907	0.048066850737698834	0.0	0.0090201370302391	0.003131533635217562	-0.017496502949787843	-0.04586239007928525
13	BDPN(psi)	0.143040626046031	0.0578845792816003	25.622829029389177	0.3882519929365617	0.5503055029790844	2.471135280264518	17.275758283309642	0.0390276967017579	-0.037863700885366565	0.0	0.04637500800020366	0.0374906854753464	-0.06170063746036092	-0.037863700885366246	0.0	-0.04431968237547583
13	BDPN(p)	0.1453247509095298	0.0512433215409681	25.545497510658056	0.3507613074612153	0.5456773040658518	2.835974455585302	19.514738114712504	0.0391458416334534	-0.022499957705332918	-0.11473276342432098	0.04321697387219489	0.0	-0.06632883637359355	0.10418639921178398	0.129602405560743	-0.04142663985976425
13	BDPN(lambda)	0.1486698154696567	0.05	25.58477159204975	0.4130964368835997	0.5501618509926814	2.973396309393135	20.0	0.0390857505372743	0.0	-0.13621208583451788	0.04482083335169656	0.062335129422384394	-0.0618442894467639	0.1576915856320059	0.15769158563200592	-0.04289810455627722
14	BDPN(lambda)	0.8246717612113882	0.1182440690992789	39.683007663625695	0.9	0.3129900346317906	6.974318183510629	8.457083789635064	0.0251997028167958	0.0	-0.2930444894153996	0.024502048539441927	0.26734173063671274	-0.03157966909910609	0.4145161683131566	0.4145161683131566	-0.02391605617028778
14	BDPN(p)	0.8335711193860903	0.1641324191912861	39.86696718790814	0.6326582693632873	0.3084672763458957	5.078650052763892	6.092641569089178	0.0250834229573225	0.010791394338069176	-0.018688048400653776	0.029251358649029637	0.0	-0.03610242738500097	0.030040847551767273	0.01904394252021096	-0.028420034040495597
14	BDPN(psi)	0.8032286018038676	0.1672581475480681	40.00942864134193	0.725002184667309	0.3108296232400221	4.802328697159752	5.978781988558203	0.0249941084878851	-0.026002053684998305	0.0	0.03292930695672825	0.09234391530402175	-0.03374008049087457	-0.026002053684998274	0.0	-0.03187953593237543
15	BDPN(lambda)	0.1688020359701885	0.05	13.476070990609124	0.8186703816371239	0.2272978062877659	3.376040719403771	20.0	0.0742056049346174	0.0	-0.20142586819479694	0.09295850323787494	0.26952046833838494	0.013664892293317216	0.2522318970431306	0.2522318970431308	-0.08505217989748723
15	BDPN(psi)	0.1686458175232103	0.0626115948521565	13.661633345863857	0.6656830938028501	0.2219769686698957	2.693523746223527	15.971482636104051	0.07319768981377	-0.000925453570985242	0.0	0.10800828697660997	0.1165331805041111	0.008344054675446994	-0.0009254535709852954	0.0	-0.09747967433648858
15	BDPN(p)	0.1780752801745312	0.0616471496970822	13.536356681694407	0.549149913298739	0.2163236823969676	2.8886214699227124	16.22135013400838	0.0738751219042807	0.054935618229038474	-0.015403619047743901	0.09784789264085064	0.0	0.0026907684025188894	0.07143966668733133	0.015644602545507834	-0.0891270032003074
16	BDPN(lambda)	0.6885477022580453	0.0608003510753191	32.54434556310521	0.9	0.786983128830681	11.324732342500402	16.44727345013528	0.0307273040123344	1.612412649093528e-16	-0.6668004632215906	0.11345789169789075	0.6124485645702753	-0.0843646704910912	2.0012046525293905	2.0012046525293896	-0.10189688585787558
16	BDPN(p)	0.7159404894616038	0.1477922827516609	32.54928423817829	0.2875514354297247	0.7732071778086498	4.844234598261241	6.766253158700614	0.0307226417847634	0.03978342693429354	-0.19006520058949072	0.11362686134959221	0.0	-0.09814062151312242	0.2837865809582124	0.23466728522817482	-0.10203315427565399
16	BDPN(psi)	0.6772839336814876	0.182474296522668	32.719881997840865	0.3823846280602092	0.7812183615521898	3.7116675969612607	5.480223894852908	0.030562457409412	-0.016358733809754604	0.0	0.11946361788949396	0.09483319263048445	-0.09012943776958238	-0.016358733809754663	0.0	-0.10671505172693233
17	BDPN(p)	0.3206554339205339	0.0663939629215009	19.909050480074523	0.2905477083863256	0.3134881342871141	4.829587206590632	15.06161036331453	0.0502284125001754	0.004038060621103958	0.006852133341923595	-0.08239264428093623	0.0	-0.06413204631283459	-0.002794921545709645	-0.006805501140650543	0.0897907408516458
17	BDPN(lambda)	0.3193658153976499	0.05	19.85016187501797	0.390210588416972	0.3149928954587879	6.387316307952999	20.0	0.0503774229296603	0.0	-0.24175927370659597	-0.08510681777816094	0.09966288003064638	-0.06262728514116078	0.31884237462212806	0.3188423746221281	0.09302377526901666
17	BDPN(psi)	0.3108232770973281	0.0659421187311064	19.98750835765266	0.3356622471498646	0.3148526616374686	4.713577347503481	15.16481452586808	0.0500312486231995	-0.026748442971848117	0.0	-0.07877652378077182	0.04511453876353899	-0.06276751896248006	-0.026748442971848203	0.0	0.0855129355843979
18	BDPN(p)	0.2461939967044795	0.1112326815873476	70.93116727318548	0.2890787472980818	0.7511624634809801	2.213324296341366	8.990163553817862	0.0140981748706965	-0.079256420573313	-0.22768017412800007	0.0037302975116956082	0.0	-0.10387265003250346	0.19217913173095966	0.2948003747941267	-0.003716434106801033
18	BDPN(lambda)	0.2673860586220709	0.0983168582535805	70.9550839848024	0.4030590822512336	0.7617672018696288	2.7196359136336943	10.171195639925584	0.0140934228224461	0.0	-0.3173583719901576	0.0040687372835140475	0.1139803349531518	-0.09326791164385484	0.4648974790995049	0.464897479099505	-0.0040522497439049576
18	BDPN(psi)	0.2571283171521955	0.1440241178086534	71.1483330685916	0.281117857808783	0.7472190399932436	1.7853143005799157	6.94328155044541	0.014055143063379	-0.0383630377841573	0.0	0.006803359704410277	-0.007960889489298795	-0.10781607352024003	-0.0383630377841571	0.0	-0.0067573867715476224
19	BDPN(p)	0.4111524786159827	0.0701227118651171	38.548450649195374	0.2227113909646919	0.6565393226631256	5.863328266694034	14.260714872572605	0.0259413798261402	0.0191575236568133	-0.24291375812674035	-0.0481190799208108	0.0	-0.07043940136544136	0.34615776550780963	0.32085348364764577	0.05055157520838378
19	BDPN(lambda)	0.4034238761646354	0.05	38.43822867279528	0.363313129959108	0.6612582105594343	8.068477523292707	20.0	0.0260157669728353	0.0	-0.4601704485348946	-0.05084080270192742	0.14060173899441614	-0.06572051346913266	0.8524365649972022	0.8524365649972026	0.05356404157137388
19	BDPN(psi)	0.4046055319754733	0.0926218282498601	38.61976005236838	0.228471154933221	0.6590319633690113	4.368360456932401	10.796591029302103	0.0258934804008103	0.002929067615114759	0.0	-0.046358229376638964	0.005759763968529119	-0.06794676065955574	0.0029290676151149343	0.0	0.048611785687966945
20	BDPN(psi)	0.5991061926839846	0.1606151221427594	13.366174956935351	0.7422011096375449	0.1820186403603624	3.7300733871838143	6.226063814285002	0.0748157197718803	-0.027706711983213624	0.0	0.2654563510212047	0.10048073874392094	-0.015417539949336506	-0.02770671198321359	0.0	-0.20977124245098291
20	BDPN(p)	0.6263823317949966	0.1572661732605864	12.908948067401065	0.641720370893624	0.1819637114849517	3.982943813079849	6.358646486190153	0.0774656459053621	0.01655990936789978	-0.02085076945118747	0.22216792534347457	0.0	-0.015472468824747204	0.038207331070584556	0.021294782042059264	-0.18178183270603981
20	BDPN(lambda)	0.6161784721418762	0.1163318732494309	12.41573535399749	0.9	0.1908205869763295	5.296729562849106	8.59609642712335	0.0805429538797337	0.0	-0.27571033351372887	0.17547250480679327	0.25827962910637603	-0.006615593333369391	0.38066307759335444	0.3806630775933543	-0.14927827243023076
21	BDPN(psi)	0.4836295446663797	0.1027579377927116	23.504810011059792	0.1567917980976716	0.4924150791282516	4.706493289520669	9.73160829694003	0.0425444834282628	0.010568139861850297	0.0	0.03668548322603027	-0.0028033126362579097	-0.04377016261920558	0.010568139861850085	0.0	-0.035387283626149395
21	BDPN(p)	0.4851513385906676	0.0863303380160679	23.37688443967257	0.1595951107339295	0.493009998895512	5.619708549042985	11.583413467162355	0.0427773000538478	0.013748004434395328	-0.159866966285196	0.031043294128218882	0.0	-0.043175242851945184	0.20665176079545441	0.19028768048592754	-0.030108623279944596
21	BDPN(lambda)	0.4785719295806161	0.0576782772223425	23.32812065556813	0.2390234473066906	0.4950798040008156	8.297264631115477	17.33754973549444	0.0428667193026246	-1.1599332890231058e-16	-0.4386975988298444	0.02889255531924949	0.07942833657276108	-0.041105437746641604	0.7815708571979818	0.7815708571979819	-0.028081217197928426
22	BDPN(lambda)	0.5830847115206723	0.068200429267518	11.82319395275522	0.9	0.3997032290261819	8.549575388059601	14.66266430783701	0.084579514130948	0.0	-0.4228861554506287	-0.026425455043736844	0.3388199913168277	-0.04510023229374821	0.732760372055934	0.7327603720559343	0.02714271360178493
22	BDPN(psi)	0.5484763422770107	0.118175001191959	12.097672571889854	0.6849779250823755	0.3951049978345767	4.6412213813823975	8.46202657003267	0.0826605278046291	-0.05935393015777028	0.0	-0.0038236608253521074	0.12379791639920323	-0.049698463485353395	-0.05935393015777036	0.0	0.0038383373254178895
22	BDPN(p)	0.5843986400433563	0.105052519440903	11.858475991131096	0.5611800086831723	0.3928437232677151	5.5629188443415485	9.519048237225258	0.0843278681634887	0.0022534093189603174	-0.11104278924220476	-0.023520174576023838	0.0	-0.05195973805221499	0.1274484274272161	0.12491353678041064	0.02408669791596632
23	BDPN(lambda)	0.784731311251731	0.1677735047565659	24.85560099150417	0.3900083367699178	0.0346992310893204	4.677325614615676	5.960416702571531	0.0402323806349243	0.0	0.0064429260705206005	0.7260413688453558	0.010036535556001092	0.0011237395691221022	-0.006401680516227376	-0.006401680516227384	-0.42063961035363095
23	BDPN(psi)	0.7802081028038251	0.1666994723800266	24.9418904125853	0.3968781064159148	0.0346595139538534	4.680327367954567	5.998819226735695	0.0400931919537027	-0.005764021879910558	0.0	0.732033543829604	0.016906305201998095	0.0010840224336551019	-0.005764021879910253	0.0	-0.42264397617325905
23	BDPN(p)	0.7866528818456922	0.171837491168898	24.93712606324792	0.3799718012139167	0.0345957809703475	4.577888541636677	5.819451815768805	0.040100851937136	0.0024486987665829586	0.03082204589801089	0.7317026942937285	0.0	0.0010202894501492032	-0.027524971205588025	-0.029900452770351957	-0.4225336697256523
24	BDPN(lambda)	0.4648157639836047	0.0890245092669758	82.41473737411067	0.9	0.6324617666576108	5.221211190164134	11.232861694312716	0.0121337521887697	0.0	-0.520647603009202	-0.04856131552670996	0.3840973629234681	-0.08609275738231947	1.086147907630463	1.0861479076304632	0.05103987920523608
24	BDPN(p)	0.4618367707514467	0.1333264190523386	82.7729326691744	0.515902637076532	0.617352546550929	3.463955411343853	7.500388948475693	0.0120812440462486	-0.006408976336402992	-0.2821040061756786	-0.04442612234186815	0.0	-0.10120197748900128	0.3840319937859156	0.39295943786073434	0.046491562170728994
24	BDPN(psi)	0.4606152630114062	0.1857182937351303	83.42002511577851	0.5140076238234421	0.6153489664304528	2.480182505167376	5.384499178234915	0.0119875293565555	-0.009036915908787137	0.0	-0.03695574986061057	-0.0018950132530898278	-0.10320555760947747	-0.009036915908787179	0.0	0.03837388557717244
25	BDPN(lambda)	0.3015326157794895	0.0810390580037834	19.64925544756643	0.9	0.4659645087757955	3.7208307106113208	12.339728824998357	0.0508925135951576	0.0	0.14940472540129873	-0.04547560398537786	0.01538705858443079	0.02243290090434058	-0.12998443637782606	-0.129984436377826	0.04764215998590385
25	BDPN(p)	0.3102383195672888	0.0804925099411632	19.6690505687255	0.8846129414155692	0.4635441152181866	3.8542507842538463	12.423516184685504	0.0508412948813114	0.02887151615520693	0.14165284696997182	-0.04451399370356241	0.0	0.02001250734673171	-0.09878776294746121	-0.1240769883296201	0.04658780286704787
25	BDPN(psi)	0.3132428791870694	0.0705052417245716	19.53729645989357	0.9	0.4606583321914976	4.4428310792940895	14.183342621623712	0.0511841544736147	0.038835810107333855	0.0	-0.050914364012291644	0.01538705858443079	0.017126724320042697	0.038835810107333994	0.0	0.05364570074786094
26	BDPN(lambda)	0.2287062270203024	0.0602900104530163	12.206144704848592	0.9	0.4342350174885148	3.793434854328511	16.58649571439856	0.0819259499359183	0.0	-0.14925165167218762	-0.07019338843150673	0.09430688951832089	0.027673595059427902	0.17543572310842404	0.17543572310842395	0.07549245999993202
26	BDPN(p)	0.2318143140956845	0.0648260758352377	12.22337982138542	0.8056931104816791	0.4301270777973974	3.57594241374204	15.425891311724694	0.0818104333345225	0.013589866423296782	-0.08524353319890995	-0.06888049843269078	0.0	0.023565655368310512	0.10804340084943864	0.09318713372642966	0.07397600234636581
26	BDPN(psi)	0.2236112537802956	0.0708670320330557	12.283003237970089	0.9	0.4369135397190969	3.155363606535587	14.11093383357092	0.0814133140426707	-0.022277369997252144	0.0	-0.06433866738896193	0.09430688951832089	0.030352117290010028	-0.022277369997252133	0.0	0.06876277254016656
27	BDPN(p)	0.4474646854886153	0.0882976569387694	25.01116438753732	0.6989047280913356	0.8266247950345545	5.067684704237538	11.32532883283026	0.0399821449535666	0.07873905911630331	-0.11430647997255095	-0.012910936792080527	0.0	-0.018014465541993374	0.21795975100153364	0.12905872899353363	0.013079809384293472
27	BDPN(lambda)	0.4148034519628646	0.0782795365427399	24.992869392634315	0.9	0.8348021853588231	5.299002399386784	12.774730717190796	0.0400114122268294	0.0	-0.21479594509812244	-0.013632965926765661	0.20109527190866439	-0.009837075217724811	0.273554299366123	0.2735542993661228	0.013821392499774406
27	BDPN(psi)	0.4243617396622976	0.099693240316394	25.074037487464928	0.9	0.8387969678140876	4.256675159875544	10.03077035941779	0.0398818898033442	0.02304293190956549	0.0	-0.01042959092801336	0.20109527190866439	-0.005842292762460288	0.023042931909565672	0.0	0.010539513744951092
28	BDPN(lambda)	0.5745667364643262	0.1049430339186725	14.458731574153148	0.9	0.40567101159519	5.475034549788194	9.528979320103971	0.0691623601193087	0.0	-0.17097669754067016	0.058977341948172876	0.12897259865451294	-0.029209431543589404	0.20623871130456928	0.20623871130456925	-0.05569273261283824
28	BDPN(p)	0.6003956986691892	0.1140969950090781	14.463091382880442	0.7710274013454871	0.3994732525708354	5.262151721186158	8.76447271832562	0.0691415115570431	0.04495380704390402	-0.09866273090203292	0.059296660322246966	0.0	-0.035407190567944	0.15933717917784967	0.1094626110387864	-0.05597738815131346
28	BDPN(psi)	0.5686117877622763	0.1265863499944512	14.748098063012	0.9	0.4032309853814298	4.491888641920719	7.899745905019253	0.0678053533226758	-0.010364242000319254	0.0	0.08017094068462151	0.12897259865451294	-0.031649457757349564	-0.01036424200031929	0.0	-0.07422060496629287
29	BDPN(lambda)	0.4799935674602638	0.1118376181711608	24.94743551533246	0.9	0.7452534562002745	4.291879381101106	8.941535203920017	0.0400842803816612	0.0	-0.07680995676694358	-0.02630829081075648	0.009891092643908972	0.05648401696751448	0.0832005905284144	0.08320059052841451	0.027019117614405223
29	BDPN(psi)	0.4853118806035212	0.1211425740462928	24.987447663416305	0.9	0.7473070414204858	4.006121583796515	8.254736271476823	0.0400200938275133	0.011079967532476778	0.0	-0.024746627415248516	0.009891092643908972	0.058537602187725746	0.011079967532476653	0.0	0.025374562253150774
29	BDPN(p)	0.4896346856930787	0.1112722050685749	24.960165905084537	0.890108907356091	0.7433854093615822	4.400332368638925	8.986970280527098	0.0400638362662603	0.02008593215910769	-0.08147729281322764	-0.025811427117142547	0.0	0.05461597012882213	0.11057236166038815	0.08870471266058681	0.02649530885048262
30	BDPN(lambda)	0.2164202034928838	0.092428992965991	9.473699172877184	0.2102377071905294	0.1316978809484715	2.341475294148396	10.819116036111604	0.1055553888456749	0.0	-0.12381742901484852	0.3599680121527862	0.01629657984366048	-0.0412205744003058	0.14131464504667385	0.14131464504667365	-0.26468858747858953
30	BDPN(psi)	0.2219580398852831	0.1054905632990015	9.64717171328352	0.1861518503123846	0.1283701788737652	2.104055878971536	9.479520904306945	0.1036573235887432	0.025588352210293482	0.0	0.38487033400557613	-0.007789277034484315	-0.04454827647501211	0.025588352210293566	0.0	-0.27791073615706935
30	BDPN(p)	0.2168741479524966	0.0958322034156359	9.409061457530946	0.1939411273468689	0.1319242892580579	2.26306126983105	10.4349056408823	0.1062805259072473	0.002097514244448672	-0.09155662441568377	0.3506891419200063	0.0	-0.0409941660907194	0.10309298430394002	0.10078407402860248	-0.25963719632890614
31	BDPN(lambda)	0.7632555405002416	0.0542517040477785	17.002985102510596	0.9	0.3229630797404243	14.068784638138842	18.432600736731093	0.0588132021507413	0.0	-0.6693395739710761	-0.12238575793355014	0.600443691010208	0.011605754661198009	2.024250624755821	2.0242506247558216	0.13945279379853326
31	BDPN(p)	0.8017197341481487	0.1539429338324298	17.24275432144887	0.299556308989792	0.3120543707462436	5.20790213742995	6.495913616200932	0.0579953748315061	0.05039490918427853	-0.06172834607472485	-0.11000999684920337	0.0	0.000697045667017282	0.11949977897118975	0.06578941803952307	0.12360812645056489
31	BDPN(psi)	0.770118867859927	0.1640707498605622	17.55035111966059	0.3514904513782024	0.3117776707494329	4.693821833047165	6.094931612428565	0.0569789170132192	0.008992174960416485	0.0	-0.09413329465267056	0.051934142388410376	0.0004203456702066011	0.008992174960416344	0.0	0.1039151721737882
32	BDPN(lambda)	0.2660138399096216	0.093624937401444	34.8829431581657	0.9	0.2666556499894265	2.8412712178274715	10.680915018529843	0.0286673058367184	0.0	-0.15591935066894208	-0.057043941233861736	0.18735455631767695	-0.012873443510208193	0.184720915936777	0.18472091593677678	0.06049480323452583
32	BDPN(p)	0.2623926518168405	0.1110622888821558	35.130252860023035	0.7126454436823231	0.259298024086403	2.362571980623016	9.003956338960952	0.0284654939429133	-0.013612780801222071	0.0012880277172580472	-0.050358662967614605	0.0	-0.02023106941323166	-0.014881640552969552	-0.0012863708359667756	0.05302913953280823
32	BDPN(psi)	0.2440748997722059	0.1109194215927621	35.36357412507229	0.9	0.2690973492343692	2.20047036188415	9.015553684290516	0.0282776847290165	-0.0824729275171151	0.0	-0.04405152026123224	0.18735455631767695	-0.010431744265265497	-0.08247292751711505	0.0	0.046081479488591204
33	BDPN(lambda)	0.2607543631432039	0.0608702042763429	8.520488304477372	0.9	0.3150319112083776	4.2837767055850895	16.428398949675405	0.1173641655578022	2.1288675887187986e-16	-0.14613506800003595	-0.04491342988248352	0.06495667116168413	-0.00015736592664000737	0.17114541483481652	0.17114541483481638	0.04702550667941747
33	BDPN(psi)	0.2459548324241187	0.0712878606382976	8.733556781856814	0.9	0.3149876122039429	3.4501643087881555	14.027633752032868	0.1145008872075362	-0.056756598588370955	0.0	-0.021029958185966063	0.06495667116168413	-0.00020166493107470762	-0.05675659858837098	0.0	0.02148171781334342
33	BDPN(p)	0.2533923040535878	0.0659596591048901	8.55387924810798	0.8350433288383159	0.3138860695795673	3.841625434277023	15.16078181073956	0.1169060225185185	-0.02823369473427695	-0.07474205966766047	-0.04117054089707322	0.0	-0.0013032075554503253	0.05026529674166265	0.08077970089164031	0.04293833539031209
34	BDPN(psi)	0.2693312464251479	0.1904372270443411	51.06755773642182	0.2457871264497915	0.0504191468201467	1.414278345706206	5.251074149316202	0.0195819037432994	0.02518110118628789	0.0	0.3322208757802205	-0.02158119938105041	-0.012858941402449003	0.025181101186287764	0.0	-0.24937372009401798
34	BDPN(p)	0.2595107899878847	0.179497855427174	50.9351868297377	0.2673683258308419	0.0510004082708241	1.4457598357946595	5.571097201246064	0.0196327934035605	-0.01219943478246935	-0.05744345150866954	0.328767660215444	0.0	-0.012277679951771599	0.04800138177239128	0.060944302599790126	-0.24742298451344194
34	BDPN(lambda)	0.2627157739383718	0.1819823985772556	50.04791589518765	0.2629452343524839	0.0509970981297642	1.443632878741529	5.495036925647936	0.019980851991804	0.0	-0.04439693120041544	0.30562104984528404	-0.00442309147835801	-0.012280990092831505	0.046459594626654034	0.0464595946266542	-0.2340809761618818
35	BDPN(p)	0.5232845413185278	0.1176399078458908	11.66152782382492	0.4134485927598641	0.2847177440682633	4.448188976856684	8.500516689540486	0.0857520571152747	0.0267143153661689	-0.26563772121643675	0.16981000273896452	0.0	-0.02705274696937854	0.3981032863873034	0.3617257161634898	-0.1451603271825135
35	BDPN(psi)	0.5334799248394285	0.1601932877608526	12.226343334735366	0.3608081370382892	0.2708707912180231	3.3302264551548704	6.242458806968663	0.0817906035043996	0.04671824321999279	0.0	0.22646868797704023	-0.05264045572157494	-0.04089969981961872	0.046718243219992565	0.0	-0.1846510148991924
35	BDPN(lambda)	0.5096690807626489	0.0559483437214346	11.222430093070257	0.9	0.2997474358468048	9.109636619455234	17.873630093126167	0.0891072603443964	0.0	-0.6507447690008206	0.12576252239360539	0.4865514072401359	-0.012023055190837018	1.863235568839196	1.8632355688391957	-0.11171318985305032
36	BDPN(p)	0.3022834888175703	0.056444948898576	4.254960534838322	0.5693999057317142	0.7797411913658936	5.355368278581184	17.716377098628687	0.2350198061327019	0.021519647379097166	-0.05792933746777535	0.0925293583209161	0.0	-0.10469905289326309	0.0843344220414616	0.06149149928102446	-0.08469278890877811
36	BDPN(psi)	0.2764529670750046	0.0599158334331903	4.265718246594107	0.9	0.8002402069726445	4.614021890945836	16.690079110975873	0.234427109853876	-0.06577055019437372	0.0	0.09529157334625372	0.33060009426828585	-0.08420003728651215	-0.06577055019437342	0.0	-0.08700110150133455
36	BDPN(lambda)	0.295915491780443	0.05	4.259100797928516	0.9	0.7930881735864446	5.91830983560886	20.0	0.2347913438644998	0.0	-0.16549604445120564	0.09359243727080861	0.33060009426828585	-0.09135207067271212	0.19831666866380693	0.1983166686638069	-0.08558255715847862
37	BDPN(p)	0.2010587804763642	0.0854220127744952	8.352145220549865	0.4224611072120503	0.4436058060889896	2.353711577917714	11.706584374684434	0.1197297189636466	-0.003931020422366173	-0.06692900472649888	0.07703409086091632	0.0	-0.04140721680225151	0.06751681771617773	0.07172980948451961	-0.07152428276373347
37	BDPN(psi)	0.192193071188795	0.0915493174765939	8.447608700428866	0.5242842572574989	0.4544163685405324	2.0993392030249947	10.923074333740017	0.1183766951645419	-0.04785279286313317	0.0	0.08934439193290011	0.10182315004544862	-0.030596654350708685	-0.04785279286313319	0.0	-0.08201666304479732
37	BDPN(lambda)	0.201852265855744	0.0523680587470612	8.269228016386164	0.9	0.479193811602136	3.854492045059267	19.09560949795789	0.1209302728160859	0.0	-0.4279798015921859	0.06634166954340222	0.4775388927879497	-0.0058192112891051195	0.7481900163376103	0.7481900163376103	-0.062214270939828786
38	BDPN(p)	0.4251544339436236	0.1384054478405668	66.8576616469159	0.5149061498189069	0.2679830525328104	3.071804185290244	7.225149122395303	0.0149571488946342	0.014982484961821061	-0.05512847296176188	0.018201818394446703	0.0	0.013077125091914887	0.07420157758732601	0.05834494043287132	-0.017876434775134023
38	BDPN(psi)	0.4124859700309864	0.1464807054504095	67.39954640963738	0.5722301648348229	0.2699541202943194	2.81597476447594	6.826837684356634	0.0148368951019677	-0.015261275789837242	0.0	0.026454396142036925	0.057324015015916	0.015048192853423903	-0.015261275789837055	0.0	-0.025772597634608194
38	BDPN(lambda)	0.4188785917420199	0.0862694006817559	51.43219130099797	0.8822244999181003	0.281069957079896	4.8554712149588815	11.591595537900588	0.0194430759161645	-2.65046494739202e-16	-0.41105280441892683	-0.21671878111365425	0.36731835009919334	0.026164029639000497	0.6979450916874973	0.6979450916874975	0.2766806810736248
39	BDPN(psi)	0.218131300015395	0.0769415406863854	20.695411272197163	0.9	0.5675404752444191	2.8350264118637893	12.996880372801622	0.0483198901847111	0.03446011634100143	0.0	-0.057412383067298615	0.08551089783015553	0.005626896373837509	0.03446011634100114	0.0	0.06090933302744294
39	BDPN(lambda)	0.210864871994243	0.0750813794572819	20.68870350811163	0.9	0.5675674521630594	2.808484254264615	13.318881555299033	0.0483355566291488	0.0	-0.024176292968781814	-0.057717893080178787	0.08551089783015553	0.005653873292477796	0.024775267084188597	0.024775267084188778	0.06125330477604948
39	BDPN(p)	0.2227396386503623	0.0782340598934557	20.702680511331444	0.8144891021698445	0.5609010773025954	2.847092927986912	12.782156535936714	0.0483029238389037	0.05631457977715468	0.016798717513841245	-0.05708130026336801	0.0	-0.001012501567986157	0.03886301347815695	-0.016521182830478053	0.060536820702898515
40	BDPN(psi)	0.198191915290869	0.1842622758432492	73.90866610220814	0.7822052850888034	0.1341475432913269	1.0755968056069691	5.427046829979967	0.0135302130688856	0.042603471000823914	0.0	0.08931098600744433	-0.10498915949721288	-0.03787579132972782	0.04260347100082416	0.0	-0.08198851122835848
40	BDPN(lambda)	0.1900932816774714	0.1586401713127372	71.93619030062331	0.9	0.1420287346548577	1.1982669969684328	6.303573626560435	0.0139012087771255	0.0	-0.13905236116973055	0.06023943494834592	0.01280555541398376	-0.029994599966196994	0.16151082237550976	0.1615108223755097	-0.05681682171281036
40	BDPN(p)	0.1868071668183943	0.1596982927355134	71.95107524177227	0.8871944445860163	0.1416156918632819	1.1697505566185211	6.26180770545972	0.0138983329524926	-0.01728685427532678	-0.13330988665651908	0.060458818286927854	0.0	-0.0304076427577728	0.13386910799478682	0.15381493870080243	-0.0570119435515614
41	BDPN(psi)	0.3007016347880865	0.1710807244594223	51.266899717870686	0.9	0.6653669236123816	1.7576593490484556	5.84519385897962	0.0195057630850148	-0.04316095913247167	0.0	0.02595381418619693	0.07660007335352703	-0.019889834220076952	-0.04316095913247185	0.0	-0.025297253957563593
41	BDPN(p)	0.3061396490995702	0.1549214267635026	51.26221405289781	0.823399926646473	0.6596417698070135	1.9760962411410767	6.454885040056876	0.0195075460253841	-0.025857081148266833	-0.09445422765761338	0.025860044602364574	0.0	-0.02561498802544504	0.07575226852631119	0.10430640895521782	-0.025208160448818802
41	BDPN(lambda)	0.3142656412884785	0.1477593671632715	50.432431882398376	0.9	0.6647621651724953	2.1268745753439813	6.767760441847435	0.0198285103984647	0.0	-0.13631785445053016	0.009254433819334471	0.07660007335352703	-0.02049459265996323	0.15783335935907955	0.15783335935907952	-0.009169574598066364
42	BDPN(lambda)	0.2828458149809785	0.05	32.15527335484764	0.8916924492501028	0.5959188867158997	5.65691629961957	20.0	0.0310990980846145	-3.925188091256783e-16	-0.33326192073188826	-0.07996642526927779	0.2996399478594648	-0.01792394361366423	0.4998393388565951	0.4998393388565956	0.08691685549919238
42	BDPN(p)	0.2763086036511616	0.0622345750526292	32.134304643996465	0.592052501390638	0.5881821935358436	4.439792565748196	16.068238582079818	0.0311193912884879	-0.023112278787849917	-0.17011677930685729	-0.08056638651945916	0.0	-0.025660636793720326	0.1771387791118668	0.2049888165768318	0.08762610517846171
42	BDPN(psi)	0.2613850276613934	0.0749919669428297	32.21015604074443	0.7128237912420018	0.6006135503093889	3.48550702584799	13.33476158536222	0.0310461085235055	-0.07587450894766984	0.0	-0.07839611009455584	0.12077128985136376	-0.013229280020174983	-0.07587450894766964	0.0	0.08506486458363031
43	BDPN(psi)	0.4592277749621185	0.1498998475853905	8.910902077198845	0.2490897625720875	0.2697258540050556	3.0635639886192614	6.671120859081255	0.1122220838402874	-0.0028989598384918207	0.0	-0.1377413335041216	0.0020590276174514144	-0.009767752319723266	-0.0028989598384916966	0.0	0.15974479452191137
43	BDPN(lambda)	0.4605629283946327	0.1008011024737357	8.553965691135879	0.3235030832466678	0.2812422078675277	4.569026698042662	9.920526417462105	0.1169048411120304	0.0	-0.3275436626690743	-0.17228009171335323	0.07647234829203173	0.0017486015427488066	0.4870853979444105	0.4870853979444103	0.2081381515517327
43	BDPN(p)	0.459179697998425	0.1272486532268064	8.597356508237297	0.2470307349546361	0.2781952988994162	3.608523048019917	7.8586293421716	0.1163148229391069	-0.003003347232112594	-0.15110885516865408	-0.16808140253823928	0.0	-0.001298307425362688	0.17446937553573696	0.17800734062160106	0.20204068408984532
44	BDPN(psi)	0.2402772926109469	0.1497833950797889	51.220379975742965	0.1955043352104987	0.1488707396946981	1.6041650844070685	6.676307473650898	0.0195234787495442	-0.0014676489701227911	0.0	-0.07517244088031788	0.012183848970169692	-0.03862340781619358	-0.0014676489701231231	0.0	0.08128265657639956
44	BDPN(lambda)	0.2406304536484242	0.1443070458037837	51.17099408539134	0.1997820675866636	0.1493038515605304	1.6674892920724935	6.92966857182922	0.0195423211503621	0.0	-0.03656179159971627	-0.07606414516776115	0.016461581346334575	-0.0381902959503613	0.037949285466292774	0.037949285466292844	0.08232621861132275
44	BDPN(p)	0.2428993440760722	0.1489548469288723	51.18509581757702	0.183320486240329	0.1488471075774058	1.6306911059568248	6.713443843002382	0.0195369371499075	0.009428941321629155	-0.005531642212244295	-0.07580952638979001	0.0	-0.038647039933485894	0.01504380045550594	0.005562411482402411	0.08202803269941435
45	BDPN(p)	0.2076183472933035	0.1413643982397164	64.53762509909224	0.2897247228897788	0.5165787243067279	1.4686749271994075	7.073916859209954	0.0154948372901014	-0.009369741858155124	-0.08034857801621216	0.023937290214297503	0.0	-0.12376971772606793	0.07718015158933594	0.0873685138689739	-0.023377691625323226
45	BDPN(lambda)	0.2095820772552814	0.1163949193113185	64.67446390400187	0.4544217762334812	0.5400456846791851	1.8006119038127224	8.591440295820176	0.0154620531757994	0.0	-0.24278846449849212	0.02610833934850712	0.16469705334370238	-0.10030275735361072	0.3206349257974407	0.3206349257974406	-0.0254440377758629
45	BDPN(psi)	0.2100195813161537	0.1537151956279022	64.8227203931408	0.3123295784890618	0.5165872549179387	1.3662903036896064	6.505537698567525	0.0154266898077578	0.0020875070359159718	0.0	0.02846053851159248	0.02260485559928299	-0.12376118711485717	0.0020875070359162216	0.0	-0.027672951412197295
46	BDPN(psi)	0.2710380684306851	0.1114028125726336	25.41357936281226	0.1598371660598521	0.6949463532497305	2.4329553462034066	8.976434049616197	0.0393490419324127	0.003066767060660549	0.0	0.07266352280223574	0.0021080657985811935	-0.09602873315344129	0.003066767060660255	0.0	-0.06774120799075126
46	BDPN(lambda)	0.2702093991459036	0.0751249528425905	25.364494613790992	0.2069530026120489	0.6983792170318696	3.596799584181756	13.311156442191743	0.0394251892350454	0.0	-0.3256458153279592	0.07059173987668442	0.049223902350778004	-0.09259586937130226	0.48290026625449195	0.4829002662544917	-0.06593712359934323
46	BDPN(p)	0.2652778412876431	0.0859067589097838	25.33804788277108	0.1577291002612709	0.6958183586648528	3.087974038995328	11.640527621932094	0.0394663394996566	-0.018250874595215787	-0.22886364423004674	0.06947546879745445	0.0	-0.09515672773831907	0.2731200105648514	0.2967875169126659	-0.06496219018055277
47	BDPN(p)	0.1428786676005559	0.1060492348888623	34.515927808640946	0.6415355560318845	0.4371451050414767	1.347286170902508	9.429582410924338	0.0289721315198038	0.03422932927760528	-0.09194003069652742	0.04115566206209335	0.0	-0.059471773058106914	0.13894386300379663	0.10124885338470553	-0.039528827015724376
47	BDPN(lambda)	0.138149889541766	0.0896409090223518	34.45221844257766	0.9	0.4673300357847589	1.5411477979023889	11.155620920250271	0.0290257070576376	0.0	-0.23243839353978185	0.039233900967594514	0.2584644439681155	-0.0292868423148247	0.30282701946456525	0.3028270194645653	-0.03775271469788123
47	BDPN(psi)	0.1359838886732865	0.1167865983236849	34.82316354169024	0.7990058372738762	0.4558675957023541	1.1643792235166786	8.562626314608519	0.0287165179235597	-0.015678629028687358	0.0	0.050423273954942185	0.1574702812419917	-0.040749282397229525	-0.015678629028687198	0.0	-0.0480028148701382
48	BDPN(lambda)	0.2281709448810731	0.0610354067347657	48.52583639366603	0.6100467794089095	0.7072776821325256	3.738337419010056	16.38393276128363	0.0206075788552616	0.0	-0.4149848998956142	-0.0026109099855389315	0.3288679536130086	-0.0753816201594848	0.7093575872170949	0.7093575872170949	0.002617744681262763
48	BDPN(psi)	0.2230016482374467	0.1043313355909531	48.64530077921456	0.3572309205259932	0.6896373925641235	2.13743691647693	9.584848064445868	0.0205569702310749	-0.022655367651305144	0.0	-0.00015546596547597955	0.07605209473009228	-0.09302190972788693	-0.022655367651305127	0.0	0.00015549013889885953
48	BDPN(p)	0.230222839955845	0.0971080461996463	48.62271737320235	0.2811788257959009	0.6812118488105972	2.3707905674729086	10.29780784533632	0.0205665181631978	0.00899279737760386	-0.06923413134119942	-0.000619640196069663	0.0	-0.10144745348141326	0.08404576419580731	0.07438404616293424	0.0006200243881024917
49	BDPN(psi)	0.2249897826691173	0.0708834117666997	38.54011766315164	0.4381964770901697	0.194816495679766	3.174082300237348	14.107673080005291	0.0259469887648034	-0.025349024460307627	0.0	0.11356606566776416	0.06861475789104088	-0.04596599424984499	-0.025349024460307273	0.0	-0.10198412933826811
49	BDPN(p)	0.234551959364319	0.0734503852327509	38.399955737208046	0.3695817191991288	0.1930574204437532	3.193338722745516	13.61463247376009	0.0260416966843281	0.01607412255418351	0.036214022464098376	0.10951627096309845	0.0	-0.04772506948585778	-0.01943604262565637	-0.034948400310181926	-0.09870632259231135
49	BDPN(lambda)	0.2308413866251289	0.0595366272877939	38.30087378265092	0.4789104491125441	0.1952172828168616	3.877300363510102	16.79638309315209	0.0261090649178079	-4.809462639505301e-16	-0.1600767259376812	0.10665342806056251	0.1093287299134153	-0.04556520711274939	0.19058493898313317	0.19058493898313322	-0.09637473246477528
50	BDPN(psi)	0.2885099055641102	0.1034560420448058	45.37060003300452	0.9	0.4850753992426582	2.788719729285211	9.665941014512326	0.0220407047575424	0.027040731438957407	0.0	-0.026246917965847424	0.008770866842799818	0.0052062348715372075	0.027040731438957463	0.0	0.026954387565084212
50	BDPN(p)	0.2884437123125699	0.10764193215818	45.43668476149124	0.8912291331572002	0.4854931456669065	2.679659371857997	9.290059923213732	0.0220086479735318	0.026805095974915417	0.040460566929105435	-0.024828594029365998	0.0	0.005623981295785507	-0.013124448333966374	-0.038887169985234754	0.025460748620546907
50	BDPN(lambda)	0.2809137911793306	0.107753599186505	45.42332226637373	0.9	0.4868658400210253	2.6070014672374104	9.280432463969507	0.0220151224108124	0.0	0.041539933838160674	-0.02511538262803735	0.008770866842799818	0.006996675649904305	-0.03988318881358995	-0.03988318881358994	0.0257624155520479
51	BDPN(p)	0.7930020204745992	0.1961694288769796	74.54801083918335	0.8240971039188634	0.6775556068260982	4.042434262129095	5.097634252822914	0.0134141741509001	0.043380506151588435	0.19612439857059108	-0.053647636650467304	0.0	-0.021953567868024382	-0.12769900237929846	-0.16396655632555163	0.05668886001465661
51	BDPN(lambda)	0.7600314705892993	0.1898869727992827	74.4609063494583	0.9	0.683070217380062	4.002546669658479	5.266290705771772	0.0134298660737061	0.0	0.15781772132480137	-0.054753387679659475	0.07590289608113665	-0.01643895731406053	-0.13630618915058848	-0.1363061891505883	0.05792497636701494
51	BDPN(psi)	0.7910164321243864	0.1640042031676711	74.4340895276852	0.9	0.6764451617849505	4.823147314801951	6.097404704790654	0.0134347045331703	0.04076799808179333	0.0	-0.05509381477324402	0.07590289608113665	-0.023064012909172038	0.040767998081793294	0.0	0.05830612142730245
52	BDPN(psi)	0.4849890726214136	0.1323232104075228	17.382526141803844	0.4166795592044142	0.5351009499903239	3.665185201657117	7.557253160048392	0.0575290376002982	0.03577546978526933	0.0	-0.0868957312454711	0.02473432370211781	-0.060562962009810595	0.03577546978526939	0.0	0.09516517906985181
52	BDPN(p)	0.4989493251305227	0.1003648251160369	17.184222536517883	0.3919452355022964	0.5348772955200161	4.971356494206627	9.963650101954029	0.0581929149180254	0.06558992936223965	-0.24151760823412588	-0.09731262157653514	0.0	-0.060786616480118405	0.404897385793449	0.31842216886779906	0.107803237203217
52	BDPN(lambda)	0.4682376506965921	0.0530405807118458	17.096469026459737	0.9	0.5513781461830326	8.827913352615658	18.85348890564965	0.0584916100776322	-1.1855336953078096e-16	-0.5991589038046015	-0.1019223143207666	0.5080547644977036	-0.04428576581710186	1.4947541793781762	1.4947541793781758	0.11348941850579428
53	BDPN(p)	0.6520439826595128	0.177148072421184	73.44182315208937	0.4626924025403173	0.1397427296604328	3.6807850841821455	5.644995095528999	0.0136162197107922	0.05587233141882865	0.013761531550667373	0.19866632180200197	0.0	-0.018497557375028395	0.04153915744242893	-0.013574722577624149	-0.1657394707672648
53	BDPN(psi)	0.6308079062069906	0.1747433364829056	73.95322772600323	0.5261088155459387	0.1401406715811319	3.609911078175503	5.722678873639485	0.0135220602365727	0.02148418253559317	0.0	0.20701311131860473	0.0634164130056214	-0.01809961545432931	0.021484182535593192	0.0	-0.17150858543074038
53	BDPN(lambda)	0.6175405522591245	0.1025488870541253	71.5893443451286	0.8563336824664558	0.1453963991390283	6.021913742790659	9.751446639027876	0.0139685592757918	0.0	-0.41314565054011526	0.16843145204451473	0.3936412799261385	-0.012843887896432898	0.7040003212387476	0.7040003212387473	-0.1441517615344872
54	BDPN(p)	0.3189335625612809	0.1144272885718782	23.7939290348536	0.7455183338879751	0.4974390506335416	2.7872159389754363	8.7391741295333	0.0420275272123065	0.08450522404043523	-0.08554255101426989	0.07901321944864986	0.0	0.013488841916065086	0.1859548251734542	0.09354459423907464	-0.07322729511045675
54	BDPN(psi)	0.3023349006750651	0.1251313428512121	23.939242885474552	0.9	0.512006717545261	2.416140463181615	7.991602880735114	0.0417724154762957	0.028062950034785213	0.0	0.08560294935661576	0.15448166611202496	0.028056508827784432	0.028062950034785115	0.0	-0.0788529078770001
54	BDPN(lambda)	0.2940820896860794	0.1047194196637212	23.78671228007953	0.9	0.5090544361458696	2.808286090874513	9.549327175525184	0.042040278127779	0.0	-0.16312398414649626	0.07868595219525364	0.15448166611202496	0.025104227428393133	0.19492013279903891	0.1949201327990389	-0.07294611748221864
55	BDPN(p)	0.1633272104552859	0.05	15.732548988099069	0.4837631196226665	0.1777792498969488	3.2665442091057177	20.0	0.0635624907798763	0.014558560084429212	-0.11214780071939268	0.26875138757030753	0.0	-0.02338814325627281	0.142711096403758	0.1263135922964018	-0.21182352208888955
55	BDPN(psi)	0.1659214777070231	0.05631567961482	15.916813031690124	0.4476686245608923	0.176069885089546	2.946274977801369	17.757043985612118	0.0628266473953683	0.030673670604346247	0.0	0.28361136106616724	-0.0360944950617742	-0.02509750806367561	0.03067367060434593	0.0	-0.22094799848966837
55	BDPN(lambda)	0.1609835221750967	0.05	15.7510218968515	0.5188910952068603	0.1787088513152739	3.2196704435019345	20.0	0.0634879442456931	0.0	-0.11214780071939268	0.27024113526661764	0.03512797558419378	-0.02245854183794771	0.12631359229640174	0.1263135922964018	-0.21274790098015228
56	BDPN(lambda)	0.2014025121375821	0.0523606296854801	15.689372894092294	0.9	0.6876422462431013	3.846449390455518	19.098318832428124	0.0637374104593142	0.0	-0.1315876292680374	-0.01181244477201633	0.30365162937948453	-0.004391636258875953	0.15152666371752077	0.15152666371752094	0.01195364656185125
56	BDPN(p)	0.2038659267189399	0.0667177441629031	15.718655892163277	0.5963483706205155	0.6707369612842174	3.055647778215722	14.988516361679189	0.0636186711421402	0.012231300172040617	0.10652822027581384	-0.009968069316805748	0.0	-0.021296921217759834	-0.0852187213808873	-0.09627248390399035	0.01006843214635194
56	BDPN(psi)	0.1886248525108108	0.0602946612118695	15.72047381547479	0.9	0.6954302123628319	3.1283839849104003	16.585216334263798	0.0636113142477695	-0.06344339745892853	0.0	-0.00985356829723518	0.30365162937948453	0.0033963298608545855	-0.06344339745892828	0.0	0.009951627336866387
57	BDPN(p)	0.506630092680791	0.1814197423198687	51.15397131037612	0.7121639462807007	0.1629408225740354	2.79258522916172	5.512079265534718	0.0195488243509484	0.00813205235580688	-0.07686950411262472	-0.10848331646587613	0.0	-0.014281369438613023	0.092079675459884	0.0832704633365321	0.12168400038889511
57	BDPN(psi)	0.493103903553696	0.1965266483212385	51.16214793765651	0.7598355402551827	0.16348699442553	2.509094353187555	5.088368465763585	0.0195457000988024	-0.018783413192432295	0.0	-0.10834081336301281	0.04767159397448206	-0.013735197587118414	-0.018783413192432215	0.0	0.1215047352022814
57	BDPN(lambda)	0.5025433835744988	0.150519818390475	54.89259753524996	0.9	0.1664544932227999	3.3387190401121294	6.64364341316054	0.018217392597569	0.0	-0.2340997026294452	-0.04332615334456145	0.18783605371929935	-0.010767698789848512	0.3056529726299141	0.30565297262991414	0.045288322134056515
58	BDPN(psi)	0.2571130256906427	0.1687600597279138	46.48273925179056	0.9	0.5847008847171197	1.523541921620421	5.925572683561896	0.0215133620801291	0.044250710147896596	0.0	0.00947351288400613	0.06102408918294788	0.05415294904019652	0.044250710147896964	0.0	-0.009384607682217706
58	BDPN(lambda)	0.2462177168682298	0.1597565804698597	46.417055701709984	0.9	0.5843747033904425	1.541205477383651	6.2595230635189	0.0215438050708408	0.0	-0.05335077074854159	0.008047052113711062	0.06102408918294788	0.05382676771351935	0.05635748606770357	0.05635748606770355	-0.00798281399349183
58	BDPN(p)	0.2607066400511527	0.1653525156400624	46.42744386233977	0.8389759108170521	0.5781216921148852	1.576671749093047	6.04768543211516	0.0215389846351451	0.058845981382716794	-0.020191650165005123	0.008272653555711945	0.0	0.04757375643796202	0.08066641967383922	0.020607754739388598	-0.008204778267604523
59	BDPN(psi)	0.5473663510174318	0.1283356359231992	62.80875483909757	0.9	0.4356998682615118	4.265115819778973	7.792067984908235	0.0159213473115616	-0.02532483497420127	0.0	0.008337920215166841	0.17029947641134124	0.0013669583514236971	-0.025324834974201394	0.0	-0.008268974168292736
59	BDPN(p)	0.5762120149621963	0.1292991188239437	62.78748612426866	0.7297005235886588	0.4254784939262867	4.456426464489509	7.734004756533725	0.0159267405294871	0.026039579760797134	0.007507524264897913	0.007996470177967903	0.0	-0.008854415983801378	0.018393962377026434	-0.007451581337196709	-0.00793303390889588
59	BDPN(lambda)	0.5615884867682491	0.1116881010168091	62.652880491930986	0.9	0.4310729999520167	5.028185470569775	8.953505260596195	0.0159609580939983	0.0	-0.1297187237717246	0.0058354981334125915	0.17029947641134124	-0.0032599099580714053	0.1490537913603222	0.1490537913603224	-0.00580164265851404
60	BDPN(psi)	0.6466902285913605	0.1356377668997344	18.204667937341828	0.227140459361208	0.4709163889774607	4.76777407482242	7.372577880460208	0.054930966246782	-0.004049289265057302	0.0	0.13536718025510103	-0.0006972513083426946	-0.0185952195276492	-0.004049289265057058	0.0	-0.11922766714525546
60	BDPN(p)	0.6544081951833314	0.1077613497900928	18.03055301681988	0.2278377106695507	0.4728795851454614	6.072754252410961	9.279764980188991	0.0554614159125982	0.007836949265939785	-0.20552105616902616	0.12450818699942892	0.0	-0.016632023359648473	0.2685508622873689	0.2586865992671934	-0.11072234816863322
60	BDPN(lambda)	0.64931951111732	0.05	18.01019975500385	0.4943937687031305	0.4759410804174493	12.9863902223464	20.0	0.0555240926587816	-1.709825448976166e-16	-0.6313711059769894	0.12323881885953225	0.26655605803357985	-0.013570528087660572	1.712755337994689	1.7127553379946892	-0.10971737870016086
61	BDPN(p)	0.2064155151299657	0.0552746049581301	20.02975128740075	0.4209871842928149	0.4513100223763345	3.734364366535468	18.091490672027213	0.0499257322595426	0.031723012574027126	0.08352252476919077	-0.08034219899464372	0.0	-0.007846501719745491	-0.04780658547564271	-0.07708425331257544	0.08736097155573874
61	BDPN(lambda)	0.200068732222017	0.05	20.052545654873043	0.541601189503523	0.4564545418803975	4.001374644440341	20.0	0.0498689800891681	0.0	-0.019873117510340328	-0.07929560497736983	0.12061400521070809	-0.0027019822156824636	0.020276066155701288	0.02027606615570138	0.08612493369863701
61	BDPN(psi)	0.1943338435134477	0.051013803307785	20.045146185955424	0.5643137050313863	0.4588452278956732	3.809436484101372	19.602537649793167	0.0498873887335701	-0.028664592637120595	0.0	-0.07963534855260161	0.14332652073857144	-0.0003112962004067632	-0.028664592637121088	0.0	0.08652586605467989
62	BDPN(lambda)	0.4979987090684101	0.1205895008696723	55.9722128632838	0.9	0.8317629794387561	4.129702050982238	8.292595895896069	0.0178660079500978	2.2293692823060017e-16	-0.31654846179740825	-0.07018293923480107	0.26975838809304375	-0.020403611230974006	0.46316153246197767	0.46316153246197744	0.0754803737167806
62	BDPN(p)	0.501699886641453	0.1470022139977938	55.95164912578141	0.6302416119069563	0.8193988416984627	3.412872996926307	6.802618632771119	0.017872574189046	0.0074321027457415105	-0.16685210112478205	-0.0705245464892708	0.0	-0.03276774897126744	0.20918759335024856	0.20026708505181176	0.07587564171048404
62	BDPN(psi)	0.4685251251343483	0.1764419188912947	56.35522388461198	0.9	0.8421214388499187	2.6554071055133166	5.667587420742668	0.0177445839279693	-0.05918405690086419	0.0	-0.06382031457027477	0.26975838809304375	-0.01004515181981136	-0.059184056900864396	0.0	0.06817100986439086
63	BDPN(psi)	0.5683399972510291	0.1700667461964559	86.74853898988502	0.2844941527216592	0.3216183444389832	3.341864355977624	5.880044290638868	0.0115275716645395	0.0007684836803534386	0.0	0.28261944958367985	0.018478848343303267	0.01478387024467559	0.0007684836803534234	0.0	-0.2203455200023792
63	BDPN(p)	0.5768437798101281	0.1592089782943336	86.48006724409468	0.2660153043783559	0.3208651424117202	3.623186242321729	6.2810528069043645	0.0115633582612447	0.015742473929816803	-0.06384415616195627	0.27864996390906205	0.0	0.014030668217412612	0.08501429608716067	0.06819821355834149	-0.21792513336267555
63	BDPN(lambda)	0.5679035726234536	0.1257097567207417	86.3863025471192	0.354881728425975	0.323298498159378	4.51757753286425	7.954832036000615	0.0115759092647188	0.0	-0.26082106271660166	0.27726360714241843	0.08886642404761907	0.016464023965070407	0.3528524009019529	0.3528524009019531	-0.21707626021125995
64	BDPN(p)	0.5474754570480251	0.1506048060359165	41.37669395920847	0.5491022262647783	0.2936928124672397	3.63517919154228	6.639894345480036	0.0241681948051687	-0.011720314390800913	-0.01624550407178214	0.0445924725527967	0.0	0.019431963075888015	0.004599917662090213	0.016513778731403295	-0.042688870276676866
64	BDPN(lambda)	0.553968137785356	0.0965581039985273	40.78944744707328	0.9	0.3007689446490161	5.737148047084735	10.356458532110896	0.0245161448018524	0.0	-0.3692799623924193	0.02976689739413226	0.3508977737352217	0.0265080952576644	0.5854895046511523	0.5854895046511523	-0.028906442292388063
64	BDPN(psi)	0.5171871320678709	0.1530918604786796	41.25102702146263	0.6785253048529304	0.3001720571332161	3.378279749496526	6.532025914854339	0.0242418206819361	-0.06639552567865646	0.0	0.041419895803492535	0.12942307858815205	0.025911207741864395	-0.06639552567865649	0.0	-0.03977252208297581
65	BDPN(p)	0.4406365890696275	0.1565249066878019	39.92577375452219	0.4302956615940088	0.1611144838473864	2.815121237851959	6.388759598461593	0.02504647764996	-0.014188362642332107	-0.02289702826716013	0.022262651238006585	0.0	0.0025428865409460044	0.008912740905273485	0.023433587789169295	-0.021777819243465456
65	BDPN(lambda)	0.4469784818636277	0.1450562957563266	39.85407277639302	0.4743991457664864	0.1618131739024702	3.0814138713047403	6.893875200562505	0.0250915384636005	0.0	-0.09448955663801745	0.020426813754947565	0.044103484172477614	0.003241576596029777	0.10434949406789427	0.1043494940678943	-0.02001791160287383
65	BDPN(psi)	0.4306632211409623	0.1601928468298621	40.32067789834689	0.4685598376094728	0.161516971809383	2.6884048174658	6.2424759893435295	0.0248011703206259	-0.03650122183654286	0.0	0.03237380799437088	0.038264176015464	0.002945374502942577	-0.03650122183654272	0.0	-0.03135861036349532
66	BDPN(p)	0.4942317470531815	0.1012617704302526	38.62035559649728	0.4413222974210153	0.2318040786120752	4.880733814481347	9.875395183701457	0.0258930811111096	0.005910249695852577	-0.11907799461111873	0.02973562535174441	0.0	-0.007770758244039916	0.14188343978510937	0.13517427636349216	-0.02887695115101767
66	BDPN(lambda)	0.4913278766198253	0.0523547265308701	38.31322356546817	0.8550730014165182	0.2355314442446508	9.384594461211094	19.100472225948234	0.0261006489911045	0.0	-0.5445425209217774	0.02154655538714803	0.4137507039955029	-0.004043392611464303	1.195594640412645	1.195594640412645	-0.021092093427875467
66	BDPN(psi)	0.486389033342282	0.1149497569714481	38.93075928609847	0.4504614601582974	0.2312298572412348	4.231318500856804	8.69945292923399	0.025686629758518	-0.010052031469333502	0.0	0.03801192764068461	0.009139162737282103	-0.008344979614880316	-0.010052031469333587	0.0	-0.036619933382735455
67	BDPN(psi)	0.3674289464338868	0.1086226070701464	47.057601632714125	0.1509681975008693	0.5274456744812738	3.382619478066919	9.206186695134454	0.0212505517770545	0.037738392212761436	0.0	-0.027985076115572542	-0.006824798707134511	-0.11782539021698402	0.0377383922127616	0.0	0.028790788523835355
67	BDPN(p)	0.3632550215975041	0.0866391611460585	46.9673899266012	0.1577929962080038	0.5281633470831048	4.192734749417983	11.542124678633185	0.0212913683635126	0.02594987611743509	-0.2023837073795458	-0.02984847589814623	0.0	-0.11710771761515304	0.28626995913890324	0.2537356737218129	0.03076681853979103
67	BDPN(lambda)	0.3540670261321073	0.0609321795353625	46.95088188735184	0.2407989585591609	0.5309755801733063	5.810838030611084	16.411689317951286	0.0212988544581393	0.0	-0.4390469794560016	-0.030189463537926238	0.08300596235115709	-0.11429548452495153	0.7826804801411426	0.7826804801411424	0.031129238550093183
68	BDPN(psi)	0.7849363258669061	0.187360311389489	33.29526844670383	0.1592476256970955	0.5056086159286497	4.18944823503822	5.337309660641929	0.030034297563953	-0.017952227881840033	0.0	-0.06043811280647584	-0.004659148226075799	-0.06325971814732712	-0.017952227881839887	0.0	0.06432584551402237
68	BDPN(p)	0.7876748191105362	0.1381269454834502	33.00222469554572	0.1639067739231713	0.5082046345456571	5.70254280476297	7.239717033486531	0.0303009875614527	-0.014526050368782057	-0.26277371947621997	-0.06870753824478132	0.0	-0.06066369953031969	0.336731985369627	0.3564356377658244	0.07377654288673761
68	BDPN(lambda)	0.7992852773077342	0.0733519883680922	32.8982022830859	0.2947396762177798	0.5097361108841026	10.896572745878276	13.632895607162506	0.0303967977154221	0.0	-0.6084977238556869	-0.07164295515897794	0.1308329022946085	-0.05913222319187417	1.5542635660983648	1.5542635660983648	0.07717176872530357
69	BDPN(psi)	0.2155093839239214	0.0645026683005085	19.65696596228288	0.5211350199499908	0.8379083828853189	3.3410925408526464	15.503234615677384	0.0508725508259395	-0.008210298369769725	0.0	-0.02432141926097578	0.0813150926014769	-0.057036289389353234	-0.00821029836976956	0.0	0.024927696211750457
69	BDPN(p)	0.2230609259261213	0.0521205022876508	19.63894971592433	0.4398199273485139	0.8261796566831894	4.279715584762736	19.18630780802997	0.0509192199412347	0.026542441640168456	-0.19196362474759968	-0.025215660300568654	0.0	-0.06876501559148274	0.2704161261546098	0.23756804845281385	0.02586793742331093
69	BDPN(lambda)	0.217293427799949	0.05	19.639911096949035	0.6531087685990188	0.8405102433696421	4.34586855599898	20.0	0.0509167274262939	0.0	-0.22483826921613057	-0.025167941905189953	0.2132888412505049	-0.05443442890503003	0.2900533660101701	0.29005336601017045	0.025817720802469694
70	BDPN(p)	0.5004627985707715	0.145231312759763	50.90896757210171	0.6782994521655185	0.0521360337648428	3.445970356259335	6.885567450968152	0.0196429047315428	-0.020167663198424716	0.014865205133203106	0.05849721793784619	0.0	-0.0035968397049810016	-0.03451972553047515	-0.014647467523780058	-0.05526440404993621
70	BDPN(psi)	0.4914148135390144	0.1431040418226784	50.95019044781339	0.7229556466874631	0.0523020805394486	3.4339687913771924	6.987922823585299	0.0196270120133165	-0.03788228323078367	0.0	0.05935432232116362	0.04465619452194469	-0.0034307929303752024	-0.037882283230783693	0.0	-0.05602877249900173
70	BDPN(lambda)	0.5107637090284352	0.1435882109367661	50.60003889607147	0.6766060733466994	0.0519811609694961	3.557142370506776	6.96436005070349	0.0197628306581724	0.0	0.0033833364028084466	0.052073985259711304	-0.0016933788188190357	-0.0037517125003277	-0.003371928035936338	-0.003371928035936585	-0.04949650498853403
71	BDPN(lambda)	0.4046419101392565	0.1037052083546142	27.73623764910308	0.9	0.8186221497072604	3.9018475210580137	9.642717235382769	0.0360539166361064	0.0	-0.22909745314134913	0.048029504394850306	0.301752865558101	-0.02287693230455401	0.2971808227575553	0.2971808227575554	-0.04582838955720524
71	BDPN(psi)	0.4024064146912313	0.1345244074976822	27.8043228769214	0.9	0.8251473726746648	2.9913264230371315	7.433595275394388	0.0359656303959135	-0.005524626569837672	0.0	0.05060214342649455	0.301752865558101	-0.01635170933714969	-0.005524626569837704	0.0	-0.0481648964292613
71	BDPN(p)	0.4327106889689535	0.1299348209024071	27.75876510666817	0.598247134441899	0.8029799453584401	3.330213455975428	7.696166378303557	0.0360246572985979	0.06936695909733422	-0.0341171292306505	0.04888071718318538	0.0	-0.038519136653374364	0.10713937627401673	0.03532222204486898	-0.04660274174403587
72	BDPN(lambda)	0.534935271161086	0.0729643908339253	26.968531226660165	0.2003162953516994	0.4872999966287236	7.33145668794323	13.705315545991535	0.0370802544489866	0.0	-0.49465434781802864	0.04507807047083438	0.0777570880356181	-0.09276008099227084	0.9788435809870307	0.9788435809870305	-0.04313368708476099
72	BDPN(psi)	0.5358195554251282	0.1443851164423422	27.282384996028824	0.1305588109906048	0.4835305064185518	3.711044244917715	6.925921622948813	0.0366536869905456	0.001653067785421657	0.0	0.05724045665883507	0.007999603674523487	-0.09652957120244265	0.001653067785421558	0.0	-0.054141379379041225
72	BDPN(p)	0.5413024874036931	0.114290808333051	26.98783997577845	0.1225592073160813	0.4849076747853755	4.736185659185308	8.749610004384019	0.0370537249701161	0.011902778870398686	-0.20843081926182375	0.04582631849747492	0.0	-0.09515240283561893	0.27835040005821116	0.26331345930806876	-0.04381828768978915
73	BDPN(p)	0.5444958503196423	0.0957356153220111	23.164099851656268	0.4074720652993481	0.4144974803485673	5.687495176045042	10.445433464196723	0.0431702507934275	0.01131505162688111	-0.13639667278488787	-0.015150736272034133	0.0	0.010144608357165408	0.1710411710525701	0.15793903113450258	0.015383812355894503
73	BDPN(lambda)	0.5384037837108459	0.05	23.03492909748544	0.8410581621833804	0.4205992159070977	10.768075674216917	20.0	0.0434123324525085	-2.062063934568132e-16	-0.5489644453057814	-0.02064258456119747	0.43358609688403227	0.016246343915695793	1.2171201130207003	1.217120113020701	0.021077682402545515
73	BDPN(psi)	0.5238777609461378	0.110856005651035	23.42051063158539	0.4555753119850069	0.4167433401933467	4.7257499300061285	9.020711093884367	0.0426976173035005	-0.02697979324103241	0.0	-0.0042491269091711	0.048103246685658796	0.012390468201944782	-0.026979793241032297	0.0	0.004267259034360246
74	BDPN(psi)	0.1832274094345214	0.1042839026522145	24.76440626421153	0.9	0.1391106660387047	1.7570056813617967	9.589207677957614	0.0403805360536811	-0.03229708638147403	0.0	0.6376820419961367	0.13682870847474804	-0.0213552348960013	-0.03229708638147369	0.0	-0.3893808600470941
74	BDPN(p)	0.193610930427743	0.112045632996029	24.9907860816417	0.763171291525252	0.131945601952865	1.7279649840043718	8.924935075652977	0.0400147477047391	0.02254276290619767	0.0744288442071426	0.65265264770016	0.0	-0.028520298981840997	-0.0482917799356302	-0.06927293939326996	-0.39491217262647227
74	BDPN(lambda)	0.1893426245348174	0.1010549866817684	24.557824496900032	0.9	0.1393266063638959	1.8736593883394883	9.89560270933579	0.0407202193389007	0.0	-0.030962745815281686	0.6240206908246053	0.13682870847474804	-0.021139294570810097	0.031952069625363864	0.031952069625363996	-0.38424429833326657
75	BDPN(p)	0.7650016195921562	0.1702612436556324	50.77289289254162	0.6194340122258544	0.032525519978831	4.493104849741589	5.873327238361912	0.0196955490032142	0.08346694221033943	0.05210558874456839	0.3171790334237705	0.0	8.44857778872013e-05	0.029808180662925378	-0.049525056517134555	-0.24080176299141437
75	BDPN(psi)	0.7512477053656239	0.1618290459409095	50.889484911159926	0.6751737658705009	0.0326740281914931	4.642230330146884	6.179360412006266	0.019650424871577	0.06398736071822594	0.0	0.3202037293518441	0.05573975364464656	0.0002329939905493031	0.06398736071822582	0.0	-0.2425411489399814
75	BDPN(lambda)	0.7060682608659067	0.1281279869386969	50.73326444753951	0.9	0.0339165627023212	5.51064820212719	7.804696100302047	0.0197109334652424	0.0	-0.20825098984096002	0.31615096994520453	0.28056598777414565	0.0014755285013774017	0.2630265237706177	0.2630265237706178	-0.24020874289092214
76	BDPN(p)	0.8088726632897775	0.2	24.040556576788585	0.851888457083314	0.9	4.044363316448887	5.0	0.0415963747264283	0.050579541913541214	0.1945984807801075	0.07409025889123323	0.0	0.00823240044933915	-0.12055844803395147	-0.16289865081113175	-0.06897954643748216
76	BDPN(psi)	0.8091587354220172	0.1674202698377736	23.989438431183046	0.9	0.9	4.833098980225473	5.972992403900536	0.0416850107962566	0.05095109796096693	0.0	0.07180638904520374	0.04811154291668607	0.00823240044933915	0.05095109796096713	0.0	-0.06699567177349344
76	BDPN(lambda)	0.7699299586745091	0.1984177823051056	24.06496366947429	0.9	0.9	3.880347566281096	5.039870864307448	0.0415541869804886	0.0	0.18514790650718613	0.07518072534602753	0.04811154291668607	0.00823240044933915	-0.15622345995011352	-0.1562234599501135	-0.06992380310931666
77	BDPN(lambda)	0.5378488778865151	0.1064134835740527	15.752129922364404	0.1602847831097264	0.2540644522436135	5.0543301452228855	9.397305364071686	0.0634834784202884	0.0	-0.08981291301694522	0.27277176209954956	0.006678013328989207	-0.0224067194603218	0.0986752221618993	0.0986752221618994	-0.2143131787034531
77	BDPN(p)	0.526317025733379	0.1123338933347931	15.741362557356457	0.1536067697807372	0.254804524505729	4.6852914121366345	8.9020327731334	0.0635269022205874	-0.021440692036861175	-0.03917383671864518	0.27190175923632554	0.0	-0.021666647198206324	0.01845614259838911	0.040770992938890124	-0.21377575529070827
77	BDPN(psi)	0.5141916773234902	0.116913857706744	15.94973840810417	0.1722763139702756	0.2541132878011917	4.398038756134807	8.553305994814645	0.0626969530416808	-0.04398484692575023	0.0	0.28873852353691815	0.018669544189538395	-0.022357883902743625	-0.04398484692575017	0.0	-0.22404740625311706
78	BDPN(lambda)	0.2676058069154636	0.05	8.35233834923331	0.9	0.568221958970314	5.352116138309273	20.0	0.1197269504882777	0.0	-0.13901404187306546	0.1290829018449668	0.2457740448361716	-0.05109369891032489	0.16145912783001615	0.16145912783001612	-0.11432544203268026
78	BDPN(psi)	0.2525192761537722	0.0580729563915008	8.376654207727919	0.9	0.5746067071840938	4.348311018495511	17.219719162538688	0.1193794055719102	-0.056375946903339205	0.0	0.13236995978275545	0.2457740448361716	-0.044708950696545124	-0.056375946903339115	0.0	-0.11689638941689275
78	BDPN(p)	0.2726126922199779	0.0562498441619351	8.340210896119284	0.6542259551638284	0.5582120254352826	4.846461288588916	17.77782703043843	0.1199010447643838	0.01870992771878074	-0.03139348059491114	0.1274434926901365	0.0	-0.061103632445356326	0.05172730857155919	0.03241097387429526	-0.1130375877074336
79	BDPN(p)	0.5564009131517563	0.102672900255232	60.42037778171908	0.5407413887408205	0.5856051816211818	5.419160379891996	9.73966837903794	0.0165507075048869	0.1110944096067376	-0.25007847276711	0.04760508774984111	0.0	-0.05907857348588996	0.4816142346340251	0.33347285507307156	-0.0454418256521574
79	BDPN(lambda)	0.5007683490628755	0.0771041828069046	60.274781663126944	0.9	0.601165524826596	6.494697574539784	12.969464996527412	0.0165906863933403	0.0	-0.436832052246899	0.04508065410355063	0.35925861125917957	-0.043518230280475745	0.7756692368408925	0.7756692368408924	-0.04313605263530806
79	BDPN(psi)	0.5324851495360408	0.1369115254419769	60.87532151776747	0.5941938939797788	0.5943608861638499	3.889264602209897	7.303986985550019	0.0164270179617553	0.0633362722155249	0.0	0.055493177662916934	0.05345250523895839	-0.05032286894322191	0.06333627221552485	0.0	-0.05257559104815384
80	BDPN(p)	0.2008899836098538	0.0507941242244797	19.89210072729101	0.8557833126707893	0.562204914460503	3.954984689214048	19.68731650103063	0.0502712113571819	-0.01474339603223559	-0.01702000334263005	-0.08564495200836253	0.0	0.024700038215354714	0.0023160260820535667	0.017314699587486486	0.09366706313535186
80	BDPN(lambda)	0.2038961046298417	0.05	19.89721386142169	0.9	0.5637095663608777	4.077922092596835	20.0	0.0502582927923833	0.0	-0.03238808458121522	-0.08540992303542792	0.04421668732921069	0.026204690115729345	0.03347218452472221	0.033472184524721935	0.09338601542550416
80	BDPN(psi)	0.1982950505589672	0.051673609226236	19.90639904847882	0.9	0.5656610655951224	3.8374530737885335	19.352238308375657	0.050235102670486	-0.027470137700976654	0.0	-0.08498771915321487	0.04421668732921069	0.028156189349974103	-0.02747013770097652	0.0	0.09288150654607864
81	BDPN(lambda)	0.5778107395762125	0.1231306921996284	12.332726588010743	0.9	0.7987874252984932	4.692662156397397	8.121451947811087	0.0810850701070556	-1.921430234127241e-16	-0.20640634788434903	-0.04601491632538968	0.35333992282013194	-0.038561008517379314	0.26009072443320064	0.2600907244332006	0.048234419083521364
81	BDPN(psi)	0.5213643390030598	0.1551558431337912	12.33440200300806	0.9	0.8107799697786118	3.3602623560460176	6.445132711745168	0.0810740561039055	-0.09769012014998667	0.0	-0.045885316361829395	0.35333992282013194	-0.026568464037260764	-0.09769012014998658	0.0	0.04809203458316167
81	BDPN(p)	0.5668143690081273	0.1619960799104628	12.356999449641169	0.5466600771798681	0.78146283394147	3.4989387972931967	6.172988880673607	0.0809257946538986	-0.019031094119417842	0.044086233805408576	-0.044137314663804585	0.0	-0.05588559987440256	-0.06045221733724086	-0.04222470556356806	0.04617537156843803
82	BDPN(lambda)	0.2190936362771617	0.0511739128794289	8.139841431499082	0.8741834007480106	0.2319479543875177	4.28135399365237	19.54120651973796	0.1228525160367692	0.0	-0.16797361514000447	0.174152379013325	0.20856769617859294	-0.013994251187432194	0.20188496205954784	0.20188496205954773	-0.14832178695551515
82	BDPN(psi)	0.1948923755306961	0.0615051563395311	8.236409475321075	0.9	0.2372386776889539	3.168716041543224	16.258799416420175	0.1214121278205413	-0.11046081099247483	0.0	0.18808208505790255	0.23438429543058237	-0.008703527885995987	-0.11046081099247493	0.0	-0.15830731514543148
82	BDPN(p)	0.2116032833622042	0.0656153239876164	8.224409182754647	0.6656157045694177	0.2269888234182907	3.224906477671893	15.240342335103447	0.1215892810995895	-0.03418790724474501	0.06682639135807823	0.1863510719682369	0.0	-0.018953382156659176	-0.09468672637000666	-0.06264036201148786	-0.15707919550244767
83	BDPN(psi)	0.6922516377348106	0.1845892584921837	44.97641164383803	0.624793200545953	0.4499901179031202	3.750227090078068	5.417433322873141	0.0222338769023829	-0.07132829831304731	0.0	0.18219784016306334	0.16361575155617658	-0.06561010772233894	-0.07132829831304742	0.0	-0.1541178929390843
83	BDPN(lambda)	0.7454212683312307	0.1037839514421756	44.50736754083471	0.9	0.4489176690626132	7.182432909644514	9.63540110107641	0.0224681902177772	0.0	-0.43775736307770985	0.16986909037522394	0.4388225510102236	-0.06668255656284594	0.7785915445224652	0.778591544522465	-0.1452035033430477
83	BDPN(p)	0.7420918287834405	0.1899890474676684	44.75995201071469	0.4611774489897764	0.439924625714481	3.9059716266524607	5.263461306474395	0.0223414001820336	-0.004466520730276162	0.029252996732273887	0.17650823306885322	0.0	-0.07567559991097816	-0.03276115548811083	-0.028421580335590862	-0.15002719752198018
84	BDPN(lambda)	0.5517219679785471	0.0918713537073719	30.0725472529534	0.4344124643300133	0.401373621686712	6.005375405002616	10.884785731852762	0.0332529197340205	0.0	-0.3356034266860683	0.041641093642197695	0.15754082582096668	-0.03508168651161192	0.5051251619377237	0.5051251619377238	-0.03997643132203766
84	BDPN(psi)	0.5347320045837206	0.138277886126246	30.50869277177081	0.338104199501997	0.3988039100610964	3.867082579607247	7.23181434149935	0.0327775433539808	-0.030794429768812706	0.0	0.056748131013749106	0.06123256099295038	-0.03765139813722751	-0.030794429768812675	0.0	-0.05370071576025551
84	BDPN(p)	0.5573867333249246	0.1381017658348421	30.409273839120907	0.2768716385090466	0.3964070855314406	4.036057974751109	7.241037027693871	0.0328847050176357	0.01026742757250109	-0.0012736692492037894	0.053304497028802404	0.0	-0.04004822266688329	0.011555815108057756	0.0012752935513840825	-0.05060692058105539
85	BDPN(lambda)	0.1465598948975769	0.05	31.49162502638131	0.1533380439677469	0.7059668522095922	2.9311978979515394	20.0	0.0317544743773074	0.0	-0.1612350723789816	0.12556027033882852	0.01364160523275959	-0.07827514461007767	0.19222915392551293	0.192229153925513	-0.11155357349369946
85	BDPN(psi)	0.1526023335963303	0.0596114576962756	31.524737871090007	0.1268206530242298	0.7019542157119922	2.5599497058744887	16.775298552420352	0.031721120222765	0.041228459552158835	0.0	0.12674377555365265	-0.012875785710757509	-0.08228778110767765	0.04122845955215879	0.0	-0.11248677676641715
85	BDPN(p)	0.1477684186717953	0.05	31.49131472718175	0.1396964387349873	0.7044475763830415	2.955368373435906	20.0	0.0317547872695467	0.008245937778974087	-0.1612350723789816	0.12554917975678798	0.0	-0.07979442043662843	0.20206020134706112	0.192229153925513	-0.11154481920009714
86	BDPN(p)	0.2044715566976228	0.0841252212456377	36.22404801767664	0.4443006173998974	0.5000568025781058	2.4305618894075205	11.88704154584146	0.027605970473317	-0.03023792618116649	-0.15626790082497527	0.015640759320669453	0.0	-0.04202110011346405	0.14937202788306547	0.18521033036169854	-0.015399893296063187
86	BDPN(lambda)	0.210847136857428	0.0517333894180858	35.89919958600212	0.9	0.5271886121021135	4.07564900017389	19.329875951456657	0.0278557742660625	0.0	-0.4811410822479833	0.006532740590983676	0.4556993826001026	-0.014889290589456317	0.927306182444645	0.9273061824446449	-0.006490340877683185
86	BDPN(psi)	0.1981788174679662	0.0997060812642932	36.59721319631628	0.5332150498614199	0.5034541084989785	1.987630192211136	10.029478516453542	0.0273244849173558	-0.06008295667788913	0.0	0.02610347086523944	0.08891443246152247	-0.03862379419259132	-0.060082956677888974	0.0	-0.025439413866546343
87	BDPN(lambda)	0.5793555401774675	0.1456454084803199	50.61585385555013	0.7946646685241098	0.0172681102941323	3.9778496708034017	6.8659905618317065	0.0197566557477	-1.916306909372221e-16	-0.1426533761917715	3.569567292255295	0.09139959317915403	-0.045081819213329294	0.16638938351226354	0.16638938351226376	-0.7811608986052483
87	BDPN(psi)	0.5975162955724445	0.1698792582087521	16.035485748507302	0.6517460520228475	0.0283112342378875	3.517299886241559	5.886533827285573	0.0623616905458001	0.03134647748326334	0.0	0.44767351748962164	-0.051519023322108226	-0.0340386952695741	0.03134647748326332	0.0	-0.3092365178206218
87	BDPN(p)	0.5882100249085992	0.1618687850761559	50.87931246231802	0.7032650753449557	0.0166961484217371	3.633869400031998	6.177843365720701	0.0196543536381435	0.015283334873123503	-0.04715392106758979	3.5933521687444956	0.0	-0.0456537810857245	0.0655271164159793	0.049487448298493456	-0.7822940712439799
88	BDPN(psi)	0.1330127569538177	0.1255270339758873	44.27625012766282	0.1126296986163756	0.2807314525830155	1.059634349198184	7.966411444024811	0.0225854718300821	0.025291080266607122	0.0	-0.04513548222192475	0.009023444935994399	-0.10675402872460787	0.025291080266606876	0.0	0.04726899092129891
88	BDPN(p)	0.1333674251428772	0.1246948721922231	50.94983666087708	0.1036062536803812	0.2793521136930142	1.0695501971988468	8.019575965068173	0.0196271482999251	0.028024939326631453	-0.00662934315666259	0.09878752319326459	0.0	-0.10813336761460918	0.034885550770561526	0.006673584639321878	-0.08990593823469714
88	BDPN(lambda)	0.1297317020637986	0.119442001489373	44.19026456375962	0.1216750089867714	0.2823970843418232	1.0861480923470712	8.372264258222192	0.022629418716359	0.0	-0.04847587243783021	-0.046989852539545844	0.018068755306390197	-0.10508839696580019	0.05094549999696402	0.05094549999696412	0.049306770410326176
89	BDPN(lambda)	0.4723831565400794	0.0969136241180122	47.328805037940114	0.5383216866328154	0.2087732777680273	4.874269854616683	10.318466666588536	0.0211287819161791	0.0	-0.15620695316250982	0.09884518880710616	0.07258182121955664	-0.047050308658453	0.18512472193029858	0.18512472193029872	-0.08995369849543222
89	BDPN(psi)	0.4496527373402756	0.1148547318341167	47.489087810383495	0.5168863350601594	0.2093515336986089	3.914969197696648	8.706650427291821	0.0210574691178075	-0.048118606442893404	0.0	0.10256651566517676	0.05114646964690056	-0.04647205272787139	-0.048118606442893314	0.0	-0.09302524084299758
89	BDPN(p)	0.4624040937063514	0.1132470968535091	51.123571877006455	0.4657398654132588	0.2071939332238457	4.083143025772169	8.830248437128153	0.0195604486010055	-0.02112493363823259	-0.013997115790836373	0.18694927849223808	0.0	-0.0486296532026346	-0.0072290030399998	0.014195816274982441	-0.15750401628763913
90	BDPN(psi)	0.616906302159552	0.1357942610769499	16.745487397261677	0.9	0.7415069584575646	4.542948260604125	7.3640814572667	0.0597175809981814	-0.019729443597402915	0.0	0.20743286190231036	0.24755222039241664	-0.017665448720309285	-0.019729443597402817	0.0	-0.17179660124166235
90	BDPN(lambda)	0.6293224846245291	0.1101953924262614	16.694981948214622	0.9	0.7340832752754332	5.710969131904928	9.074789589493609	0.0598982378718259	0.0	-0.18851215395754092	0.2037911680275463	0.24755222039241664	-0.025089131902440776	0.23230434673408226	0.2323043467340822	-0.16929113075440347
90	BDPN(p)	0.6564773025104764	0.1310394527620262	16.763155755136086	0.6524477796075834	0.720341991228448	5.009768345894041	7.631289500392273	0.0596546386973472	0.04314928919494846	-0.03501479574478713	0.20870683831203263	0.0	-0.038830415949425934	0.0810002936781435	0.03628531877005501	-0.1726695272143025
91	BDPN(p)	0.0722436606535704	0.0588255418299817	25.022952987788138	0.1586283733308112	0.6420947750466258	1.228100216439482	16.99941843103138	0.0399633089063479	-0.04299086363504792	-0.08088618801247048	-0.007846954588223588	0.0	-0.20282142062890463	0.04123028495837265	0.08800453976157573	0.00790901627980728
91	BDPN(psi)	0.0754547791411723	0.0640024565649546	25.074170037447693	0.1595184790575639	0.6377733084474223	1.1789356720174475	15.624400275716328	0.0398816789750776	-0.0004532942097982631	0.0	-0.005816212979847723	0.000890105726752688	-0.20714288722810814	-0.00045329420979876855	0.0	0.005850239217115878
91	BDPN(lambda)	0.0754889978668088	0.0594740830437613	25.050578883913573	0.1757013146115746	0.6431618985050613	1.2692755231091783	16.814046536273548	0.0399192371814672	0.0	-0.07075312049307918	-0.0067515955797781526	0.017072941280763393	-0.2017542971704691	0.07614028311897382	0.07614028311897422	0.006797489479702682
92	BDPN(p)	0.5271135543541681	0.1542108494016621	40.36584668668161	0.6120188517301662	0.3926619977801898	3.418135341315918	6.484628052306297	0.0247734181760627	-0.04046395170250811	-0.032778508192343674	-0.10458658377069481	0.0	-0.024569275503863397	-0.007945898199388474	0.033889350546877854	0.11680256502199853
92	BDPN(psi)	0.4746891727895369	0.1594369549351668	41.01428191409528	0.9	0.4046549133213327	2.9772844882954743	6.2720716185694725	0.0243817507787776	-0.13589516098453583	0.0	-0.09020270111145973	0.2879811482698338	-0.012576359962720496	-0.13589516098453583	0.0	0.09914593198029156
92	BDPN(lambda)	0.5493421068332216	0.1102664800101552	40.24059158792174	0.9	0.3989480282314737	4.981950151874155	9.068939172701462	0.024850529292421	0.0	-0.30840074024874725	-0.10736504886152405	0.2879811482698338	-0.0182832450525795	0.4459240461877726	0.4459240461877724	0.12027878666927487
93	BDPN(psi)	0.1189870687059223	0.0632927997005941	11.95203057875542	0.9	0.1965190348722198	1.8799463646542616	15.799585493618366	0.0836677912937645	-0.023004686884621667	0.0	-0.1245922539158842	0.09633849067986078	0.026030016648750598	-0.023004686884621806	0.0	0.14232482460112064
93	BDPN(p)	0.123743933823984	0.0613959874230894	11.899173073039805	0.8036615093201392	0.1900170344219038	2.0155052311683668	16.287709376002734	0.0840394533184595	0.01605363244379632	-0.029968847743780346	-0.12846371907297494	0.0	0.019528016198434583	0.04744433215421173	0.03089472711683018	0.1473991638493021
93	BDPN(lambda)	0.1217887814901631	0.0573308635459414	11.839404222788184	0.9	0.1953220633850474	2.1243144435207943	17.442611852491318	0.0844637095906587	0.0	-0.09419611998292964	-0.13284139482773846	0.09633849067986078	0.024833045161578193	0.10399173823494226	0.10399173823494223	0.15319157768301114
94	BDPN(lambda)	0.2241057764448518	0.0582969955997553	47.88127858268204	0.8994051647745537	0.3996044921714849	3.844207992869404	17.153542643357035	0.0208849894906876	0.0	-0.34285844698292595	1.4356667063866415	0.25599523981953165	-0.0998092610662662	0.5217421503917871	0.5217421503917871	-0.5894347952542657
94	BDPN(p)	0.2353543231401866	0.0824177336356697	19.65759254437877	0.643409924955022	0.4257074872684899	2.855627214654775	12.133311071383408	0.0508709292728705	0.05019302435563432	-0.07096211528062234	-4.041025389634727e-05	0.0	-0.07370626596926122	0.13040925631666092	0.07638236981267754	4.0411886949731233e-05
94	BDPN(psi)	0.2162544534653624	0.0887129954453521	19.68047498578813	0.884711218994597	0.4491135333457234	2.437686298154329	11.272305652400238	0.0508117817645219	-0.03503400538817197	0.0	0.0011235937650310667	0.241301294039575	-0.05030021989202771	-0.035034005388171904	0.0	-0.0011223327189870665
95	BDPN(p)	0.2147751264017231	0.1253440048801832	24.98832701028412	0.6223158749499162	0.2816079190135107	1.7134854324068185	7.97804411113163	0.0400186855081752	-0.022768421850212023	-0.026092977758053464	0.10933317743119707	0.0	0.0014978613636837945	0.0034136276173352344	0.026792062447591226	-0.09855756562187395
95	BDPN(psi)	0.1956848032875855	0.1287022292863642	25.06875448986949	0.8476001005550856	0.2986506836986529	1.5204461054997274	7.7698731835871	0.0398902945259649	-0.10962981449269076	0.0	0.11290367942776941	0.22528422560516936	0.018540626048826003	-0.10962981449269073	0.0	-0.1014496416130308
95	BDPN(lambda)	0.2197791508215086	0.10044688909693	24.51484825288719	0.9	0.3032900255312223	2.188013514379967	9.955509911661	0.0407916047321331	0.0	-0.2195404100310158	0.08831353517290814	0.2776841250500838	0.023179967881395425	0.28129631931326626	0.2812963193132661	-0.08114714401569886
96	BDPN(psi)	0.6623472048363191	0.1714581185773123	71.90614120065631	0.77526148053471	0.4344424142142092	3.863026203321247	5.832328082785353	0.0139070180001659	-0.06160513018895756	0.0	-0.004214797404463536	0.1844526566609267	0.014650633104421329	-0.061605130188957566	0.0	0.004232637112376961
96	BDPN(lambda)	0.7058299508496791	0.1232639797301507	71.68287179264881	0.9	0.4305048628891195	5.726165522116685	8.112670077578201	0.0139503339499653	0.0	-0.28108402942395727	-0.007306722085357148	0.3091911761262167	0.010713081779331612	0.3909831481400172	0.39098314814001717	0.007360503236916319
96	BDPN(p)	0.7050489039804632	0.1778307051163624	71.82428040920043	0.5908088238737833	0.4255040896494836	3.964719723284676	5.623325844350987	0.0139228683434453	-0.0011065652120255864	0.037167015431681806	-0.0053484386128973644	0.0	0.005712308539695732	-0.03690204188356027	-0.0358351305804033	0.005377198227521678
97	BDPN(psi)	0.1808465038053979	0.0926538618930399	28.952064083530857	0.9	0.3665387938964722	1.9518506850169712	10.792858274535869	0.034539851705041	-0.010979204494181811	0.0	0.00735921349533149	0.13050668574255986	0.05678531738091869	-0.010979204494181844	0.0	-0.007305451120853872
97	BDPN(p)	0.1893086096142344	0.089426197103921	28.96579933344017	0.7694933142574402	0.3533286422745409	2.1169256408638444	11.182405518574305	0.0345234733034116	0.0352987076722356	-0.03483572862667002	0.007837118300525615	0.0	0.0435751657589874	0.07266580247434185	0.03609305654995158	-0.007776175493260097
97	BDPN(lambda)	0.1828540963215106	0.0820907240101746	28.79350640923652	0.9	0.3634967642646077	2.227463559693382	12.181644297302771	0.034730052873283	0.0	-0.11400645010414608	0.0018423517748695898	0.13050668574255986	0.05374328774905418	0.1286763883524293	0.12867638835242887	-0.0018389637567312318
98	BDPN(psi)	0.2395698303855185	0.1125547320505592	48.2057041429377	0.7374792637610543	0.7134621821038236	2.128474085637772	8.88456648407108	0.0207444330039208	-0.10726925256057718	0.0	0.04564807957527159	0.25012250680244413	-0.00565557595774302	-0.10726925256057679	0.0	-0.04365529901208709
98	BDPN(p)	0.2588857337631741	0.1006833114008606	48.08576425438407	0.4873567569586102	0.6915513359041295	2.571287437422934	9.932132605557632	0.0207961756562666	-0.03529065311818047	-0.10547242602262154	0.043046418291397354	0.0	-0.027566422157437098	0.07845680216696903	0.11790852410916251	-0.04126989704055033
98	BDPN(lambda)	0.2683561993049587	0.0692288216769609	48.04603103660519	0.9	0.714691435440143	3.876365259503857	14.444850797349284	0.0208133737256699	0.0	-0.38493193119713925	0.04218455010371085	0.41264324304138983	-0.004426322621423617	0.6258363110059565	0.6258363110059564	-0.040477044204420345
99	BDPN(lambda)	0.0816185119078787	0.0754728876025881	51.013852102130144	0.4428939547421457	0.0986201187064418	1.0814282386762657	13.249791173561867	0.0196025189001213	0.0	0.03228331511718325	0.4940253701113859	-0.0012014514685164679	-0.039155153025577094	-0.03127369651762632	-0.03127369651762641	-0.33066732332300053
99	BDPN(psi)	0.0777699816737934	0.0731125714203959	36.13805774262192	0.4813828912505026	0.1045399860295622	1.0637019073863163	13.67753835725485	0.0276716587018062	-0.04715266358236304	0.0	0.058363030220430656	0.03728748503984042	-0.03323528570245669	-0.04715266358236298	0.0	-0.05514462292610164
99	BDPN(p)	0.08026640770982	0.0749093444284825	50.78119444925106	0.4440954062106622	0.0988823555201032	1.0715139522606825	13.349469383685769	0.0196923292341885	-0.016566146165281504	0.02457543173738469	0.4872116044060236	0.0	-0.03889291621191569	-0.04015475740317303	-0.023985966260885446	-0.3276007280756886
