	type	sampled_tips	lambda	psi	psi_p	p	pn	R_naught	infectious_time	partner_removal_time
0	real	5950.0	0.5450999904235792	0.1791302572171301	16.274696366222233	0.8282137457729504	0.8644670231555865	3.04303694357366	5.582529805603219	0.0614450787589179
0	BDPN(psi)		0.5511742363435853	0.1791302572171301	15.98185988633195	0.8810611288225916	0.7501815413407084	3.076946602468658	5.582529805603219	0.062570940248026
0	BDPN(p)		0.5611292075039471	0.1594024898130142	15.953541731281696	0.8282137457729504	0.7506720312638133	3.5202035310877218	6.273427731104087	0.0626820060926785
0	BDPN(lambda)		0.5450999904235792	0.1510981683520014	15.952273054822784	0.9	0.7508882115361186	3.6075883405396616	6.618213912893897	0.0626869911619068
1	real	5198.0	0.6373837204805058	0.15658185237058558	7.783654070582021	0.6402225308496078	0.7698953997206578	4.070610424073898	6.386436134586522	0.1284743631888082
1	BDPN(psi)		0.646319209574983	0.15658185237058558	7.937729212583514	0.6394530488970048	0.6884449756323596	4.127676354507071	6.386436134586522	0.1259806140041564
1	BDPN(lambda)		0.637383720480506	0.09668343638487846	8.080233420794864	0.8821483369659127	0.7074050020093808	6.592481032047743	10.343033278411715	0.1237588010052349
1	BDPN(p)		0.6573066779094016	0.12663170781030972	7.906973839533205	0.6402225308496078	0.6895817660478805	5.190695831837206	7.896916319710134	0.1264706346946806
2	BDPN(p)		0.4037565938267372	0.15183609293632377	9.561086440085948	0.5344220466176973	0.2169551475959908	2.6591608491668874	6.586049342163821	0.10459062432564
2	BDPN(psi)		0.41100294832095474	0.17253259908315038	9.884213512839704	0.499847116521	0.2125305897629214	2.3821756033645323	5.7960061189251535	0.1011714284298886
2	BDPN(lambda)		0.40501371181924245	0.13330242399472247	9.512999235127415	0.6319641883067876	0.2182734506701489	3.038307179134846	7.501739053444299	0.1051193188692195
2	real	6858.0	0.40501371181924245	0.17253259908315038	13.110319895717947	0.5344220466176973	0.2149597486136993	2.347461951952918	5.7960061189251535	0.0762757894509208
3	BDPN(psi)		0.23441822495249928	0.14234249494735277	5.319778887372087	0.2291298892024328	0.4736171715897436	1.6468604476772866	7.025308923873107	0.1879777376412705
3	real	8570.0	0.23175791822684758	0.14234249494735277	5.725152815238998	0.2440887750458901	0.6104959630538219	1.628170971097326	7.025308923873107	0.1746678267413644
3	BDPN(lambda)		0.23175791822684758	0.13040703297375553	5.300153540092479	0.2494429788379015	0.4750452301937468	1.7771887983486976	7.668298075620281	0.1886737794359353
3	BDPN(p)		0.2265848776879401	0.12907047736807548	5.285981192451785	0.2440887750458901	0.4759218640177862	1.755512819881954	7.747705132818714	0.1891796363990036
4	BDPN(psi)		0.4784604508588186	0.17470287600751905	14.11549263995502	0.4332211752381011	0.3529358308559695	2.7387096411522505	5.724004222786584	0.0708441444806128
4	BDPN(p)		0.47709040158840305	0.1563520647632039	13.964817747591237	0.4392558552313853	0.355050794395875	3.051385361050135	6.395822156327169	0.0716085249427969
4	real	5432.0	0.4851948223327604	0.17470287600751905	15.055742856233376	0.4392558552313853	0.3777842354499577	2.7772572119069068	5.724004222786584	0.0664198379016536
4	BDPN(lambda)		0.4851948223327604	0.1388453037215953	13.973137552292085	0.5095113258036836	0.355137568097375	3.4944993408321934	7.202260164341915	0.0715658882092637
5	BDPN(p)		0.33323901398071254	0.10774729377788164	1.9853676640544509	0.5848063865460041	0.6517289145218993	3.0927831437481523	9.280975558063435	0.5036850443901326
5	BDPN(psi)		0.3322371846802609	0.12518280099646834	1.992742824939601	0.5908457464430416	0.6489235379424545	2.654016222960485	7.988317820338691	0.5018209010639942
5	BDPN(lambda)		0.3338928119670699	0.07688769417150637	1.9788199545276495	0.9	0.6556919353573691	4.342604048214603	13.005982436791395	0.5053516858428402
5	real	5335.0	0.3338928119670698	0.12518280099646834	1.898067423264756	0.5848063865460041	0.7373742112610117	2.6672418999195395	7.988317820338691	0.5268516743625249
6	real	5188.0	0.17994053639980417	0.1554782904275872	8.442259337280507	0.3010190369333681	0.5778331742222456	1.1573354447424289	6.431766115062489	0.1184517035130703
6	BDPN(p)		0.17470955493900242	0.14871569803011322	7.862175826632541	0.3010190369333681	0.4189508130271707	1.174788924459244	6.724239695243951	0.1271912536746601
6	BDPN(lambda)		0.17994053639980412	0.15240374667472856	7.876529311234819	0.2928926686819735	0.4183771705550364	1.1806831546198575	6.561518478507452	0.1269594716766474
6	BDPN(psi)		0.17941949442438193	0.1554782904275872	7.884809394044314	0.2870195365824636	0.4180605213011313	1.1539842246203829	6.431766115062489	0.126826147599121
7	BDPN(p)		0.27957472293459573	0.1680512659896122	11.286331641378723	0.6481286176820957	0.5049609215293042	1.6636275917842664	5.95056510946971	0.088602748153681
7	BDPN(lambda)		0.28201146530056465	0.1531766001505125	11.278566746766241	0.7636552957873954	0.5054084038592055	1.8410871178982824	6.528412296769822	0.0886637480144999
7	real	5861.0	0.28201146530056465	0.1798237183297886	12.519348386951874	0.6481286176820957	0.6222860003418558	1.5682662327300356	5.56100168146921	0.0798763616996422
7	BDPN(psi)		0.2816696550791839	0.1798237183297886	11.329125647466963	0.6445188513311506	0.5038132771927534	1.566365425514194	5.56100168146921	0.0882680650844036
8	real	6857.0	0.34521381433970444	0.14267745052050942	2.503382608971229	0.7118959528256747	0.2970541426259195	2.4195401100896534	7.008816013685731	0.3994595138659017
8	BDPN(psi)		0.34309364456015007	0.14267745052050942	1.6751527692337695	0.6675213467718105	0.4018345990403141	2.40468023018698	7.008816013685731	0.5969604792865604
8	BDPN(lambda)		0.34521381433970444	0.09822200703014251	1.601607100872102	0.9	0.4199917192467634	3.514627981830637	10.18101778039537	0.6243728561489789
8	BDPN(p)		0.3395356797006093	0.11873962078466067	1.6345540772501523	0.7118959528256747	0.4131413766229121	2.859497760367381	8.421788728915871	0.6117876513956166
9	BDPN(psi)		0.5868557488479245	0.17939039435694562	5.099451742090704	0.7084626476567129	0.2251811885462925	3.2713889221973416	5.574434481760656	0.1960995123742487
9	BDPN(lambda)		0.5838472031771552	0.12966287350277883	4.296039383948551	0.9	0.2483796140810876	4.502809381011001	7.712307871833249	0.232772540153225
9	real	5720.0	0.5838472031771551	0.17939039435694562	11.000188787877583	0.7819783817844865	0.1551220284257568	3.254617981470253	5.574434481760656	0.0909075307054747
9	BDPN(p)		0.5806184903221147	0.14842290764757748	4.457261100077376	0.7819783817844865	0.2431526075439137	3.91191965933428	6.737504444896392	0.2243530225282608
10	BDPN(p)		0.21464210257592622	0.08689900210451834	0.8144699992309543	0.4152845279064508	0.3984589461409646	2.4700180367751985	11.507612006835746	1.2277923078127229
10	real	5846.0	0.22366966485174247	0.10629581117260764	1.100125369683927	0.4152845279064508	0.3344715594221541	2.104218993997216	9.407708440891971	0.9089873095893664
10	BDPN(lambda)		0.22366966485174244	0.07811759853244493	0.8065721564865892	0.4921123880221193	0.3993638726173396	2.8632429702616204	12.801212771340705	1.239814679886767
10	BDPN(psi)		0.221242674965407	0.10629581117260764	0.8378762127663858	0.3864674136016772	0.380881590252732	2.081386580757578	9.407708440891971	1.193493722298591
11	BDPN(psi)		0.2547238210072099	0.06695033974140953	2.880840270206127	0.4696864787741409	0.6503592207849687	3.8046680866902367	14.936443995092812	0.3471209460455262
11	BDPN(lambda)		0.2518830086630762	0.05	2.8708354523192483	0.6107387549351918	0.6531635853954282	5.037660173261525	20.0	0.3483306572629005
11	BDPN(p)		0.2556192833520999	0.054054139683246835	2.8682248078402357	0.4894510540630631	0.652394628904814	4.728949250695868	18.499970693455197	0.3486477061583596
11	real	7335.0	0.2518830086630763	0.06695033974140953	2.8812996076481023	0.4894510540630631	0.7320105083058145	3.762236452211517	14.936443995092812	0.3470656079449727
12	BDPN(lambda)		0.2091941023449481	0.05	3.2015777408349497	0.6814504178477293	0.2733872870866671	4.183882046898962	20.0	0.3123459996755246
12	BDPN(psi)		0.2097104023819753	0.06478434203839348	3.3037590490780375	0.5484711876246574	0.2677472963332343	3.2370538278785568	15.43582860511827	0.3026855122134481
12	BDPN(p)		0.21035262231994883	0.05691206743402078	3.2009904389633212	0.5590878662133322	0.2724569690168286	3.696098767872289	17.570965967091578	0.3124033073725337
12	real	8853.0	0.2091941023449481	0.06478434203839348	4.125358206710327	0.5590878662133322	0.2453107945205934	3.2290843089981887	15.43582860511827	0.2424031926181332
13	BDPN(psi)		0.07754141384343169	0.06550828220751725	6.042773129946097	0.3350429215980744	0.5744879001386544	1.1836887066859096	15.265245344584036	0.1654869343090695
13	BDPN(p)		0.07529792785976126	0.06206893630128034	6.032738155331721	0.3570402722244399	0.5750438065519924	1.2131338532090816	16.11111869464037	0.165762208511603
13	real	5096.0	0.07707911955056473	0.06550828220751725	6.290380896638998	0.3570402722244399	0.7989721552806061	1.1766316708838946	15.265245344584036	0.1589728851768433
13	BDPN(lambda)		0.07707911955056472	0.06299665595927807	6.036319882271571	0.3530668822885942	0.5748380412623699	1.223543033782456	15.873858457604705	0.1656638514033956
14	BDPN(lambda)		0.5523491730948303	0.1134383399904189	2.6607090468458385	0.9	0.3948915371553885	4.869157756905489	8.815361720600468	0.3758396661917841
14	BDPN(p)		0.5501417462858124	0.12476652768632998	2.6681244413891396	0.8106065603771683	0.3933326360638807	4.409369696244969	8.014970189072312	0.3747951124346199
14	real	5021.0	0.5523491730948304	0.15231462059508927	3.251856961330798	0.8106065603771683	0.2804587558811009	3.626370015805551	6.565357915694672	0.3075166010963648
14	BDPN(psi)		0.5461227450948591	0.15231462059508927	2.707418228300355	0.7691572062108443	0.3862517548511349	3.585491287449437	6.565357915694672	0.369355568913257
15	BDPN(lambda)		0.4036737540772694	0.11784339105131732	3.0750785299772465	0.9	0.5442390291146323	3.425510336014358	8.48583862937659	0.3251949471376262
15	BDPN(psi)		0.39641598183763577	0.15618713396618172	3.1215279759058556	0.7648866403790707	0.5374709510300384	2.5380834629020685	6.402576029191522	0.3203559307232554
15	BDPN(p)		0.39961224280300844	0.13459302406919527	3.0904462593836124	0.7574812376139036	0.5417671024592	2.969041267677921	7.429805570650472	0.3235778641882773
15	real	6790.0	0.4036737540772694	0.15618713396618172	3.4473726015524755	0.7574812376139036	0.5645555508777033	2.5845519014688785	6.402576029191522	0.2900759841131371
16	BDPN(lambda)		0.2600991153128727	0.0692055879323425	5.2411793629295325	0.3561483168819448	0.2885483428408792	3.758354246873151	14.44970023197593	0.190796752172407
16	real	6788.0	0.26009911531287266	0.09118241886228427	6.521782763226996	0.3088138772574257	0.2986581510476904	2.8525138788619846	10.967026456167302	0.1533323074847708
16	BDPN(p)		0.25818810315454066	0.07760710224992477	5.234662689611896	0.3088138772574257	0.2883798678584866	3.326861790601013	12.885418615162497	0.1910342765703861
16	BDPN(psi)		0.2630711829882867	0.09118241886228427	5.354441097075146	0.2864590090453044	0.2841722511796922	2.8851086236877697	10.967026456167302	0.1867608554973643
17	real	8694.0	0.10026003030881499	0.06745077689180007	0.8251942231713426	0.5134197418168553	0.609659254965252	1.4864177245822576	14.825626124427473	1.2118359192540795
17	BDPN(p)		0.09650063581459005	0.06101621959709776	0.6922724811463825	0.5134197418168553	0.5414209976414268	1.5815571081231017	16.389084846671903	1.4445179134436053
17	BDPN(lambda)		0.10026003030881497	0.059528121467254454	0.6896331670930853	0.5518071769078383	0.5419318587521026	1.6842465012769896	16.7987830852362	1.4500462676630836
17	BDPN(psi)		0.0991289752761031	0.06745077689180007	0.6994895608615933	0.4869483990422858	0.5361340779595408	1.4696491255411193	14.825626124427473	1.4296139012685969
18	BDPN(p)		0.273860974913089	0.17018082306303628	6.623768034380489	0.8566581850868036	0.5042041000349236	1.6092352239455838	5.876102735909277	0.1509714704394126
18	BDPN(lambda)		0.27754304252545137	0.16536819268449943	6.614938469976915	0.9	0.5045952014082119	1.6783338925095872	6.047112106424645	0.1511729858922618
18	BDPN(psi)		0.2717608110549774	0.17478762015418464	6.648156340377169	0.8864344437000744	0.5031111477111375	1.554805831301154	5.721228992750598	0.1504176419448143
18	real	6078.0	0.2775430425254513	0.17478762015418464	7.526652482570986	0.8566581850868036	0.6051430080781925	1.5878873016328243	5.721228992750598	0.1328611892625094
19	real	7336.0	0.16766848523348413	0.07264666199324342	1.518344947756116	0.745634150311754	0.1239114312536765	2.3079998534423827	13.765257378143623	0.6586118664785948
19	BDPN(p)		0.16670827212627473	0.05659943136889695	0.5504186732094936	0.745634150311754	0.3295265055589373	2.9454054235938103	17.668022024502694	1.816798827279961
19	BDPN(lambda)		0.16766848523348413	0.05	0.5369261510362863	0.9	0.3366192076559056	3.3533697046696824	20.0	1.8624535200417505
19	BDPN(psi)		0.1725278561192251	0.07264666199324342	0.5643475139212474	0.6336279843295968	0.310795866508649	2.3748903443804648	13.765257378143623	1.771957836850764
20	BDPN(psi)		0.12673826685259665	0.06914446747514495	3.596337684588795	0.8096827452642875	0.5752992236322383	1.832948773495937	14.462473087372688	0.278060651613793
20	real	6999.0	0.12788840303977558	0.06914446747514495	3.8382745652578656	0.8075804147973882	0.7007487101939046	1.8495825871498257	14.462473087372688	0.2605337328005396
20	BDPN(p)		0.12664513432843277	0.064195357440664	3.5816616491094537	0.8075804147973882	0.5766345767257617	1.972808305421328	15.577450455421229	0.2792000188651657
20	BDPN(lambda)		0.12788840303977558	0.059861063816724104	3.5779725044915347	0.9	0.5771054418344164	2.1364204857990825	16.705349625287113	0.2794878939803675
21	BDPN(psi)		0.31880058505502534	0.1520739810855612	12.092000873544821	0.6390995145417241	0.3093504952610303	2.0963519385716545	6.575746836254463	0.0826992993515097
21	real	5962.0	0.3134694558499648	0.1520739810855612	13.465538362335051	0.651874778422355	0.3460105227022957	2.061295782567814	6.575746836254463	0.0742636479204676
21	BDPN(p)		0.3170893779784692	0.13754621308124654	11.943005927059271	0.651874778422355	0.311486733241573	2.3053297569971565	7.270283765713816	0.083731014294676
21	BDPN(lambda)		0.3134694558499648	0.112460069318072	11.850168247617372	0.8584006271463495	0.3133500938986265	2.787384515684192	8.892045025969969	0.0843869875181783
22	BDPN(lambda)		0.6213422605633806	0.12500130739805257	16.770210163298696	0.9	0.668168907524371	4.970686095184479	7.999916327399783	0.0596295449050771
22	BDPN(psi)		0.6320468296246259	0.1819506251718733	16.836000155845056	0.6878748051382697	0.6663993221609058	3.4737271665188563	5.495996504850615	0.0593965306927622
22	real	6019.0	0.6213422605633805	0.1819506251718733	17.086221332540543	0.6738926025965686	0.7413843389835694	3.4148948923723195	5.495996504850615	0.0585266912172974
22	BDPN(p)		0.6404743964716273	0.15622313815052646	16.787536292277824	0.6738926025965686	0.6671504272384844	4.099740947813427	6.401100450539311	0.0595680022720186
23	BDPN(lambda)		0.30682479813368985	0.11477703952229407	9.35228208693663	0.9	0.4374670204720463	2.673224535244201	8.712543938770628	0.1069257739131726
23	BDPN(psi)		0.3074213897938687	0.13461406822946764	9.427037458721836	0.8114695626094224	0.4353373062973189	2.283724084988115	7.428644072292403	0.1060778642684618
23	BDPN(p)		0.3085653516822224	0.12409140944936287	9.364790355281198	0.8078746869013467	0.436907969900226	2.4865972032345764	8.058575564878753	0.1067829563783089
23	real	6136.0	0.30682479813368985	0.13461406822946764	10.400764011165828	0.8078746869013467	0.4892527763689255	2.2792922178881483	7.428644072292403	0.096146782960025
24	BDPN(lambda)		0.31637692724882527	0.07127821773905677	1.4969966971905633	0.9	0.3845104268845712	4.438620062121266	14.029531485494086	0.6680041458185682
24	BDPN(p)		0.31859895007420974	0.0786782404330313	1.5059005191598145	0.7982304567550805	0.3814889500670699	4.049390890298216	12.709994459664763	0.6640544891756389
24	BDPN(psi)		0.3208560171441104	0.09908611405250964	1.5427073597109628	0.71791902297636	0.3705413129188499	3.2381531984802243	10.092231485332652	0.6482110775613057
24	real	7414.0	0.31637692724882527	0.09908611405250964	1.9582735066672983	0.7982304567550805	0.271803140628147	3.1929491864133923	10.092231485332652	0.5106538982401172
25	BDPN(lambda)		0.8269506248747274	0.16357465286761216	10.652472187483406	0.8643096946378785	0.4124973488184881	5.055493686690035	6.11341661112582	0.0938749224029887
25	real	5381.0	0.8269506248747273	0.17977657876563657	14.238437621237653	0.8875279215642184	0.3986808461889023	4.599879642568851	5.562459842467228	0.070232424834901
25	BDPN(p)		0.817736712262454	0.1671882535883174	12.686822034522708	0.8875279215642184	0.409309052717306	4.8911134287941085	5.981281450922919	0.0788219458962105
25	BDPN(psi)		0.8074291755091849	0.17977657876563657	12.769625519051047	0.9	0.4082551052287612	4.491292364406265	5.562459842467228	0.0783108320998213
26	BDPN(lambda)		0.27159718017082224	0.17031924649606844	6.804085240602484	0.76272616944829	0.464605092059953	1.5946358720950051	5.871327055354742	0.1469705279458628
26	BDPN(p)		0.2672503548924867	0.181933242733353	6.82989292577797	0.6722204740279154	0.4635538177292276	1.4689473505629598	5.4965216085640325	0.1464151796912824
26	BDPN(psi)		0.269349483955322	0.19288465886062434	6.889355543817158	0.668452829968893	0.4613496313962824	1.3964277177167832	5.184445491450854	0.1451514577292282
26	real	5798.0	0.2715971801708223	0.19288465886062434	7.752161523705953	0.6722204740279154	0.5797775942714153	1.408080776227385	5.184445491450854	0.1289962801912757
27	BDPN(p)		0.3293334240779736	0.12247301068297621	5.705849716439071	0.895165482265928	0.353481645853216	2.6890285642643312	8.165064240876054	0.1752587344035559
27	real	9168.0	0.32593657942264015	0.13806859486901896	7.496883306459362	0.895165482265928	0.3490862386849336	2.360685858589676	7.242776686100604	0.1333887642533256
27	BDPN(lambda)		0.3259365794226402	0.12231999233333338	5.70328863738164	0.9	0.3537230834098337	2.6646223009435173	8.175278471853618	0.1753374348696994
27	BDPN(psi)		0.33003350942936965	0.13806859486901896	5.818137471483754	0.864292215202519	0.349457510318714	2.3903590077270023	7.242776686100604	0.1718763100564858
28	BDPN(lambda)		0.8854663219313436	0.15055419141430512	13.64643720298974	0.9	0.2397042177363237	5.88137941304243	6.642126603092257	0.0732791999204682
28	BDPN(p)		0.8802256997232114	0.17765258199501321	13.743037530214691	0.7642799044607109	0.23831959036209	4.954758832314184	5.628964064412362	0.072764117670599
28	real	5999.0	0.8854663219313434	0.198836068867121	19.665941206623895	0.7642799044607109	0.195004295562917	4.453247979485486	5.029268611563047	0.0508493333470955
28	BDPN(psi)		0.8720090758381006	0.198836068867121	14.090975847783005	0.7500533052818763	0.2352944777427234	4.38556787411066	5.029268611563047	0.0709674057213954
29	BDPN(lambda)		0.20687034046323405	0.15492230481097996	6.303589874798601	0.5913761391519551	0.4966819148950712	1.3353166977191286	6.454848455941161	0.1586397623991916
29	real	5568.0	0.20687034046323402	0.1694069558534318	6.793714159506107	0.5384390982399495	0.6557327335058554	1.2211443114662597	5.9029453363484325	0.1471948887635712
29	BDPN(psi)		0.2087907815465697	0.1694069558534318	6.326147129219254	0.527924499924178	0.4951422562350684	1.2324805702028678	5.9029453363484325	0.1580740977997797
29	BDPN(p)		0.20571196697625896	0.16130593717972166	6.303144182301821	0.5384390982399495	0.4964085273704331	1.2752907337010266	6.199399832913984	0.1586509797456059
30	real	7930.0	0.38370086957025645	0.10464758183137877	1.4200049740750718	0.8262229313429604	0.137932874295365	3.6666004398316927	9.55588253927668	0.7042228853116206
30	BDPN(lambda)		0.3837008695702565	0.07680155232749623	1.1119678803988713	0.9	0.3153358631850559	4.996004090309061	13.0205701537882	0.8993065515896848
30	BDPN(psi)		0.381106400393484	0.10464758183137877	1.1269627743533952	0.7458011460124161	0.3025296701430561	3.641807997126681	9.55588253927668	0.8873407558415217
30	BDPN(p)		0.379871170541607	0.08369899581738902	1.1161171346322258	0.8262229313429604	0.3141374523690651	4.538539164441042	11.947574642134995	0.8959633079457311
31	real	6638.0	0.2773285612329512	0.11001178109672428	1.1100386407820158	0.8502841251617791	0.1501521237027393	2.520898748008807	9.089935550818712	0.90086954026709
31	BDPN(lambda)		0.2773285612329512	0.08696799763440524	0.7942266040202054	0.9	0.3506598911996422	3.188857611724957	11.498482513116894	1.259086506216505
31	BDPN(p)		0.2732166829417861	0.09143692204963412	0.8005335816360982	0.8502841251617791	0.3486693788528069	2.988034557784848	10.93650111556879	1.2491668343959292
31	BDPN(psi)		0.2760901454796657	0.11001178109672428	0.8018356381308286	0.7841076982089437	0.3383941394279916	2.5096416286263232	9.089935550818712	1.2471383815405304
32	BDPN(lambda)		0.5785205339314259	0.1292579826821608	8.252121703029554	0.9	0.7184372333905021	4.475704493655764	7.73646609091024	0.1211809563633648
32	real	9907.0	0.578520533931426	0.16201354869490509	8.18178303146897	0.8291797323855724	0.8336838216363767	3.5708157656670045	6.172323290585681	0.1222227473099416
32	BDPN(p)		0.5836485918376981	0.13749267790425343	8.255479951537517	0.8291797323855724	0.7180460676578801	4.244943081580947	7.2731145777550115	0.1211316611354326
32	BDPN(psi)		0.57626003333479	0.16201354869490509	8.278190615007935	0.8336103098563712	0.7171216137438462	3.5568632251860053	6.172323290585681	0.1207993445073675
33	real	5032.0	0.2199577760037696	0.05557330197823543	1.5678422059252801	0.4254082873508793	0.725074108301047	3.9579756497087977	17.99425199516914	0.6378192883319138
33	BDPN(lambda)		0.21995777600376956	0.05	1.649290230166875	0.4533354744491131	0.645884226242739	4.399155520075391	20.0	0.6063214234275917
33	BDPN(psi)		0.21569955024275303	0.05557330197823543	1.6506488759413582	0.4331261210402046	0.645699617195359	3.881352062312745	17.99425199516914	0.6058223614817562
33	BDPN(p)		0.21764902656190355	0.05	1.6460946426968375	0.4254082873508793	0.6468913829970406	4.352980531238071	20.0	0.6074984840249983
34	BDPN(psi)		0.06965127370897325	0.06123468860933343	2.3334231572398982	0.716791292198117	0.1819093388689703	1.1374479937888826	16.33061296971435	0.4285549309379681
34	BDPN(p)		0.06654642249981818	0.05698665519265414	2.2952601084440674	0.7998408068340155	0.1838126401783757	1.1677544905003714	17.547967969330912	0.4356804687717461
34	BDPN(lambda)		0.0668911476157497	0.056724112249145774	2.294636677777013	0.8082374853083643	0.1838507514746583	1.17923657089507	17.629187312932505	0.4357988389555314
34	real	5286.0	0.0668911476157497	0.06123468860933343	3.6610886693127878	0.7998408068340155	0.2042698108291035	1.092373442812839	16.33061296971435	0.273142797218213
35	BDPN(p)		0.28037292907508027	0.19415594580394824	12.14304420778988	0.6303654924290446	0.5193530602482969	1.4440604840306608	5.150498975755109	0.0823516725203463
35	BDPN(psi)		0.2779019326406253	0.19618971741819247	12.16361715520986	0.6600510974932308	0.5189358809602753	1.4164959117009042	5.097107091848388	0.0822123869273282
35	real	6653.0	0.27995334806527916	0.19618971741819247	13.335402126726716	0.6303654924290446	0.6652069539446588	1.4269521958102345	5.097107091848388	0.0749883648424675
35	BDPN(lambda)		0.27995334806527916	0.18132752360136517	12.12325764598328	0.71794431665358	0.5199190790349175	1.5439098406303469	5.514882573471992	0.0824860799961076
36	BDPN(p)		0.2684824861074249	0.07653141624713228	7.102825971205661	0.6659363277381312	0.6508689220926521	3.5081342966455984	13.06652939455398	0.1407890329924916
36	BDPN(psi)		0.2662486320509717	0.0876702535281289	7.128204349069422	0.6753072754898329	0.64993696122307	3.036932383976124	11.40637741716067	0.140287785118078
36	real	5553.0	0.26576450495579373	0.0876702535281289	7.608553921666457	0.6659363277381312	0.7408427650546506	3.0314102476106504	11.40637741716067	0.1314310196517574
36	BDPN(lambda)		0.26576450495579373	0.06022180986041645	7.092823691128254	0.9	0.6521031733472512	4.413093953366547	16.60527975359465	0.1409875732919748
37	BDPN(p)		0.35532161858138056	0.0985048197716326	3.657130255793814	0.6220503597744356	0.5003621056310522	3.6071495730375016	10.151787519822252	0.2734384421817485
37	real	7677.0	0.35605874850742986	0.11793284884402387	4.165706937584663	0.6220503597744356	0.5101133932119825	3.019165160491862	8.479401708701062	0.2400552931310656
37	BDPN(psi)		0.3537307311223607	0.11793284884402387	3.7031503673986084	0.610664259103482	0.4958660701991192	2.999424965899021	8.479401708701062	0.2700403442441039
37	BDPN(lambda)		0.35605874850742986	0.0719728064576911	3.634500642532072	0.9	0.5038918176073433	4.947128867577749	13.894136538747391	0.2751409611261819
38	BDPN(p)		0.20916866958951458	0.19261344311390147	19.650883405394115	0.1047538178039516	0.6043351848824976	1.085950524573839	5.191745621870497	0.0508882974556504
38	BDPN(psi)		0.2152418603057687	0.19934357138104308	19.65686529805235	0.0979212751555877	0.6041981597541075	1.079753206058179	5.016464755156367	0.050872811347956
38	BDPN(lambda)		0.2141575651398072	0.19771768386221422	19.65519336420234	0.0992837575986043	0.6042295749080653	1.0831482594599358	5.0577165404025335	0.050877138752615
38	real	9604.0	0.2141575651398072	0.19934357138104308	19.275230265289427	0.1047538178039516	0.8762655591627229	1.0743138775739465	5.016464755156367	0.05188005467311
39	BDPN(psi)		0.7977173671966703	0.19562813490009767	6.844163340663035	0.6340017899062281	0.4481245430745025	4.077723112802994	5.111739170394252	0.146109896889621
39	BDPN(lambda)		0.8161087451466131	0.11896648523949972	6.713285983838532	0.9	0.4550498003467814	6.85998870609355	8.40572870575129	0.1489583495187581
39	real	5007.0	0.8161087451466131	0.19562813490009767	7.721903047654421	0.6437792241742332	0.4414458417484485	4.171735039867242	5.111739170394252	0.129501755438869
39	BDPN(p)		0.8079713193124576	0.16441163461705446	6.748086516198444	0.6437792241742332	0.4521130852001727	4.914319605144577	6.082294615762367	0.1481901569577613
40	BDPN(psi)		0.3401230514166432	0.12022577020178553	1.352567799274976	0.4051646234249572	0.3927177974306666	2.829036161263801	8.317684289496434	0.7393344722061513
40	BDPN(lambda)		0.3429652237019077	0.0679207286618964	1.306766484807941	0.6382815137367672	0.4126597911559908	5.049492702134563	14.72304581680675	0.7652476640820588
40	real	6288.0	0.3429652237019077	0.12022577020178553	1.4372198036319797	0.4349741549598938	0.3508885552768984	2.8526764530289874	8.317684289496434	0.6957877963223947
40	BDPN(p)		0.33522528577630306	0.09565335348445304	1.31999552745503	0.4349741549598938	0.4074755883835335	3.504584769532295	10.454416531904805	0.7575783244720641
41	BDPN(psi)		0.17417189274128123	0.13201613879774637	5.731575971004403	0.1728039121540095	0.2752161415322278	1.3193227307467237	7.574831449449049	0.174472083255796
41	real	5962.0	0.17168437719270851	0.13201613879774637	6.236885087288927	0.1818103344688396	0.3671757060361317	1.3004802197384016	7.574831449449049	0.1603364477626898
41	BDPN(p)		0.16902767583591036	0.12534330688491993	5.70045001189008	0.1818103344688396	0.2765213625048666	1.348517763226862	7.978088538210652	0.1754247468031797
41	BDPN(lambda)		0.17168437719270854	0.12716083027159666	5.716765576690411	0.1812831903732122	0.2759218582556199	1.3501357047293272	7.864056862983266	0.1749240871582016
42	BDPN(lambda)		0.24987720745739034	0.14492047581308656	6.465975568703392	0.4345915048753903	0.2842951005412172	1.7242367309066342	6.90033616291576	0.1546557034394313
42	BDPN(p)		0.24272766974554422	0.14622157056516977	6.42814455304748	0.4154037279098097	0.285317885673167	1.65999906038051	6.838936253624141	0.1555658855751643
42	real	5154.0	0.24987720745739034	0.1579374506002474	8.49853245912165	0.4154037279098097	0.3070847505856573	1.5821276493176404	6.331620500390891	0.1176673743155125
42	BDPN(psi)		0.2470050516164224	0.1579374506002474	6.545300029061616	0.4078065412239501	0.2819829623644637	1.5639422485146504	6.331620500390891	0.1527813844376768
43	BDPN(psi)		0.3663178853190857	0.13042984316732326	8.27614611373619	0.6259943921408174	0.2821961278065847	2.8085434776545046	7.666957007048914	0.1208291862247656
43	BDPN(lambda)		0.37664214909583404	0.10032429921507104	8.069314243960878	0.7513278635967888	0.2863142726561254	3.754246499030154	9.967674908510867	0.1239262680528777
43	real	7145.0	0.376642149095834	0.13042984316732326	10.677133261922586	0.6228248630437316	0.2667540519348892	2.8876991641602663	7.666957007048914	0.0936580986177496
43	BDPN(p)		0.3685391639546267	0.11860296797972544	8.10467106911428	0.6228248630437316	0.2851696236761172	3.107335088086721	8.431492204907931	0.1233856366868304
44	BDPN(psi)		0.31380412451532425	0.10854598651448108	4.594565711938522	0.7889307269996783	0.5110892619835371	2.890978603556749	9.212685167927331	0.2176484270105441
44	real	5057.0	0.3139675119517246	0.10854598651448108	4.868892717932615	0.76812059315737	0.5815816032047983	2.8924838405687003	9.212685167927331	0.2053855071229852
44	BDPN(lambda)		0.31396751195172456	0.0845754454941929	4.550070330886286	0.9	0.5149244726844827	3.7122773651045344	11.82376272636556	0.219776822615666
44	BDPN(p)		0.3182449318853141	0.09529326836424033	4.555104241739571	0.76812059315737	0.5135679813491277	3.339637073511674	10.49392068469822	0.2195339441053286
45	BDPN(p)		0.5009077521148952	0.09798660205944416	1.7458718695635893	0.7994712265837398	0.5738691670532132	5.112002473675091	10.205476860942111	0.5727797196537494
45	real	5696.0	0.5080898652063198	0.11435314015567757	1.3550419162552843	0.7994712265837398	0.65801625044371	4.4431649582566655	8.74484075066609	0.7379845508864717
45	BDPN(lambda)		0.5080898652063198	0.0872761235776314	1.744607952672864	0.9	0.5741188601564365	5.821636484053718	11.45788743825805	0.5731946816291469
45	BDPN(psi)		0.4871618938071579	0.11435314015567757	1.7440989446580237	0.8378514599671772	0.5744562252062871	4.2601531811365	8.74484075066609	0.5733619661102863
46	BDPN(psi)		0.39615036243910134	0.11916208595570929	11.085365185873032	0.5523187334302665	0.5188456817242453	3.324466496720646	8.391930973511865	0.0902090263363069
46	BDPN(lambda)		0.3941469059015171	0.06701577495281087	10.978846861627078	0.9	0.5228802572035859	5.881404880851642	14.921859826349088	0.0910842470619723
46	real	6933.0	0.3941469059015171	0.11916208595570929	11.486670726398911	0.5485614164380853	0.5658966674091205	3.307653627748808	8.391930973511865	0.0870574271535249
46	BDPN(p)		0.3996342263384215	0.10305509765830062	11.022299913676598	0.5485614164380853	0.5203192650159248	3.87786956122721	9.703547158003731	0.0907251669643999
47	BDPN(p)		0.15961711608887685	0.12212704679304075	9.509415365108033	0.3246234074886561	0.380341535197608	1.306975975267523	8.188194394765171	0.1051589358131523
47	BDPN(lambda)		0.15937723363124484	0.12007695574615777	9.510889044627781	0.3406992989799712	0.3803985498911226	1.3272924237700336	8.32799260928963	0.1051426417980188
47	real	5786.0	0.15937723363124484	0.12971512907315336	9.91014484448308	0.3246234074886561	0.5216645488159704	1.2286711254888658	7.709200978677252	0.1009066987105334
47	BDPN(psi)		0.16480609885942576	0.12971512907315336	9.539513874619896	0.3046741300649394	0.3794591378594364	1.270523338619065	7.709200978677252	0.1048271445634692
48	BDPN(lambda)		0.7703014528383693	0.14759108666935303	7.0359670152909315	0.9	0.4021897286702726	5.219159708228645	6.775476911016252	0.1421268743623652
48	BDPN(psi)		0.7533446643688515	0.1684668166354792	7.130492087903334	0.9	0.3994532776525538	4.471768858783058	5.9358870783660285	0.1402427753473663
48	real	6504.0	0.7703014528383691	0.1684668166354792	8.491276491370892	0.8498304971873769	0.3679657285877177	4.572422440349854	5.9358870783660285	0.1177679234701911
48	BDPN(p)		0.772520251764797	0.15507623175185778	7.0483526856612055	0.8498304971873769	0.401337554856902	4.981551608765748	6.4484414452379175	0.1418771228679216
49	BDPN(psi)		0.07203738224384756	0.05926698006721217	1.2836156713103757	0.3430728629856784	0.1873302909468971	1.2154724631177938	16.872801665715755	0.7790493855369907
49	BDPN(p)		0.0708559275879197	0.05720438955006381	1.248571658654784	0.3495520369773258	0.1903612647832892	1.238644938705419	17.48117597033049	0.8009151842173031
49	BDPN(lambda)		0.07396483375667151	0.05963425689828955	1.2783988128269133	0.3314605496118729	0.1873851369135953	1.2403077962860134	16.768885067278877	0.7822285111394213
49	real	5860.0	0.07396483375667151	0.05926698006721217	2.0298254340574355	0.3495520369773258	0.199427217307376	1.247993970213956	16.872801665715755	0.4926532022022659
50	real	5150.0	0.3889520683415476	0.15876828202933224	14.733724327606895	0.8315810791187158	0.6702565640365677	2.449809643148303	6.298487249583334	0.0678715019885555
50	BDPN(psi)		0.3840013317335967	0.15876828202933224	14.345377995558314	0.8432326985423684	0.5679323123605501	2.418627491747079	6.298487249583334	0.0697088637406156
50	BDPN(p)		0.3864451844634589	0.14339592860558692	14.28990921583618	0.8315810791187158	0.5689909799807569	2.694952278083036	6.973698693709205	0.0699794508765523
50	BDPN(lambda)		0.3889520683415476	0.1352761487318302	14.286395814017903	0.9	0.5692053410782691	2.8752449858149163	7.392286144857568	0.0699966606706216
51	real	8320.0	0.18313322223683795	0.14966849797677126	14.574752855649832	0.3967826636047472	0.526882515129072	1.223592303740901	6.681432723105174	0.0686117980801544
51	BDPN(p)		0.17963190181219973	0.14402151117377823	13.943507248597186	0.3967826636047472	0.4009326435734393	1.24725744333743	6.9434072163941325	0.0717179675221675
51	BDPN(lambda)		0.18313322223683798	0.1455228048809032	13.955225682220847	0.3949306621716364	0.4007284194509526	1.2584503328307572	6.87177518890188	0.0716577447596576
51	BDPN(psi)		0.18306735136951943	0.14966849797677126	13.968361203339006	0.3829389212583374	0.4004664537162153	1.2231521919725	6.681432723105174	0.0715903594876226
52	BDPN(psi)		0.734015379580318	0.15849904333640874	10.307261604534071	0.6694259546408178	0.6007310813629594	4.631039810268103	6.309186345544904	0.0970189792757476
52	BDPN(p)		0.7481253226700338	0.1393192884558779	10.263188332825086	0.647487519470641	0.601616901047623	5.369861782684624	7.177757014720167	0.0974356084650291
52	real	5942.0	0.7482958802155828	0.15849904333640874	10.4973568186242	0.647487519470641	0.6574428485761283	4.72113814988366	6.309186345544904	0.0952620757089842
52	BDPN(lambda)		0.7482958802155829	0.10261237455096073	10.245818216244354	0.9	0.6031459007001524	7.292452625623182	9.745413302986831	0.0976007946748985
53	BDPN(p)		0.10002569902431545	0.07283721057384514	3.279002354891412	0.8955250916593938	0.2598616671767612	1.3732774530527303	13.729246248195652	0.3049708087303634
53	BDPN(psi)		0.1006967040169709	0.07496955417400135	3.3013232096896434	0.8794815755374477	0.2588353724963715	1.343167971670978	13.338748122725123	0.302908844873147
53	real	5872.0	0.10242431903977185	0.07496955417400135	4.271171079041298	0.8955250916593938	0.2978907517214492	1.366212193313156	13.338748122725123	0.2341278261849579
53	BDPN(lambda)		0.10242431903977187	0.07339127032758554	3.279546562158693	0.8851561474758453	0.2597371131260837	1.39559267175232	13.62559873315247	0.3049202019384567
54	BDPN(p)		0.23618665766741082	0.16937183009345189	4.984709525057524	0.2357735264361515	0.2907401514124059	1.394486069714742	5.904169538985581	0.2006134951240634
54	BDPN(psi)		0.24624461569472827	0.18216491588895628	5.034856191119059	0.2163555990028682	0.2883488280607837	1.35176751512807	5.489531258640264	0.198615404698925
54	real	6147.0	0.24625210588905205	0.18216491588895628	6.015443237256888	0.2357735264361515	0.3539162554216456	1.3518086327839436	5.489531258640264	0.1662387891562936
54	BDPN(lambda)		0.24625210588905203	0.17818767784854608	5.020947970536729	0.2203222135975937	0.2889148386555203	1.3819816771974467	5.612060340389915	0.1991655770719134
55	BDPN(p)		0.6047454013968022	0.14605687430740008	5.338040679699882	0.7667326469752499	0.4455570050803819	4.140478866636696	6.846647956434696	0.1873346532938416
55	BDPN(psi)		0.6026618000546218	0.17307741229563312	5.416938376300265	0.7322633992136708	0.440833837885432	3.4820361135583457	5.777761446374657	0.1846061244438586
55	real	5255.0	0.5945536104350228	0.17307741229563312	6.286055684754592	0.7667326469752499	0.4206173855656491	3.4351889281743317	5.777761446374657	0.1590822687786992
55	BDPN(lambda)		0.5945536104350229	0.12856638201685647	5.3184037759153915	0.9	0.4479468392567536	4.624487374600541	7.77808307516104	0.1880263406341092
56	real	7484.0	0.4193323398351165	0.13118170503484983	4.633756194127334	0.8523283931874601	0.7973670739289122	3.1965763802484224	7.623014198011371	0.2158076424623648
56	BDPN(lambda)		0.4193323398351165	0.10684684847877485	4.586091179900742	0.9	0.7088704081781437	3.924611215074041	9.359190413544582	0.2180506145151792
56	BDPN(p)		0.42696012034145714	0.11061660792281432	4.587151199004991	0.8523283931874601	0.708408444305525	3.8598193197117374	9.040233820022546	0.218000226418722
56	BDPN(psi)		0.4218295131819444	0.13118170503484983	4.603022991729837	0.8577229721771669	0.707007028815944	3.215612368126187	7.623014198011371	0.2172485346687776
57	BDPN(p)		0.3517801928258339	0.07495755441939754	6.849219717999309	0.600290668951363	0.3638223116064824	4.693058565619372	13.34088348727156	0.1460020325194218
57	real	6836.0	0.35400052432260887	0.08753313591886845	8.231707085369303	0.600290668951363	0.3558805758512892	4.04418875899431	11.424245110181666	0.1214814849009094
57	BDPN(psi)		0.3483295342501831	0.08753313591886845	6.940141359356925	0.5903341991310965	0.3612179665778255	3.9794019783895114	11.424245110181666	0.1440892840967522
57	BDPN(lambda)		0.3540005243226089	0.05058451284616014	6.801531426522826	0.9	0.3663447993609617	6.998199733566892	19.76889652058614	0.1470257119007732
58	BDPN(psi)		0.3071264583890255	0.14810339903444517	11.065503930475568	0.3164096592278335	0.2913059852870802	2.073729977781236	6.752039497536615	0.0903709407436831
58	BDPN(lambda)		0.30865832693105105	0.13198435054820626	10.97758402660032	0.3423000678247253	0.2927998828887672	2.338597914442258	7.576655837199106	0.0910947251760361
58	real	5949.0	0.308658326931051	0.14810339903444517	12.77459810900037	0.3233018467943511	0.3321027217904942	2.084073214682026	6.752039497536615	0.078280349132506
58	BDPN(p)		0.30281394041110865	0.13500768533215035	10.935556917402922	0.3233018467943511	0.2933935428795998	2.242938538395913	7.406985739661909	0.091444816898954
59	real	5485.0	0.32420912728723256	0.09784490942304501	1.4048006365262242	0.5806981118634102	0.7910619424299336	3.313500203525897	10.220255769018824	0.7118447799630766
59	BDPN(psi)		0.3064267607242893	0.09784490942304501	1.6328945202962424	0.6001403861952295	0.6872509795611258	3.1317598690741684	10.220255769018824	0.6124094285150632
59	BDPN(p)		0.3110008016505979	0.08057522331453817	1.6288757618121097	0.5806981118634102	0.6889815747327819	3.859757241212437	12.41076299716032	0.6139203636301328
59	BDPN(lambda)		0.3242091272872326	0.054691228947520244	1.6231256593322805	0.9	0.6917644964093422	5.927991261603065	18.28446753243677	0.6160952445366299
60	BDPN(psi)		0.2632266150255956	0.17052484898587195	13.25228049532891	0.4556861209039025	0.3421649086873553	1.5436261435857013	5.8642479729323815	0.0754587106990736
60	BDPN(p)		0.2582805459200243	0.15972530796795628	13.171376887492844	0.473254867953341	0.343367691534415	1.6170295691139938	6.260748610987919	0.0759222068081258
60	real	8954.0	0.2630866814700093	0.17052484898587195	14.169022039815204	0.473254867953341	0.4269184991237169	1.542805538516009	5.8642479729323815	0.0705765011297168
60	BDPN(lambda)		0.2630866814700093	0.15806780772826104	13.193960398727373	0.4899624235967157	0.3430777377126822	1.664391284038615	6.326398868763518	0.0757922541662665
61	BDPN(p)		0.31514481884444856	0.06478701113283782	2.311588799731627	0.8899937119027125	0.4162762790259836	4.864321000984021	15.435192680051603	0.4326028920524701
61	BDPN(lambda)		0.31438989883173374	0.06429152321926183	2.3103983540641377	0.9	0.4165976469389383	4.89006766505638	15.554150064069388	0.432825793110931
61	BDPN(psi)		0.3096569739535359	0.0726968644048153	2.3339707781381684	0.9	0.4137446365464472	4.259564377208886	13.755751478240674	0.4284543788494687
61	real	5372.0	0.31438989883173374	0.0726968644048153	2.8876859027076183	0.8899937119027125	0.3497144853386379	4.324669315598557	13.755751478240674	0.3462980509972906
62	BDPN(lambda)		0.11258199545855954	0.06035361329774251	1.4947712166507912	0.349207841242845	0.3478823739719507	1.8653729131868	16.569016258673685	0.6689986995070833
62	real	5908.0	0.11258199545855956	0.06791700902260805	1.8171685681762582	0.3292462802683604	0.3899724265139189	1.6576406570124949	14.723852160025515	0.5503066790350756
62	BDPN(p)		0.11079914935002357	0.06137221897757286	1.487079156389415	0.3292462802683604	0.3489573328582789	1.8053632603786527	16.29401733649924	0.6724591597584966
62	BDPN(psi)		0.11430554671837034	0.06791700902260805	1.5152166529100415	0.3104948894869019	0.3438013730063548	1.6830179709521746	14.723852160025515	0.6599716272121582
63	BDPN(psi)		0.11045502595622972	0.06173613544340332	4.028802134413377	0.8128660034377558	0.6120285859645936	1.78914707185534	16.197968868925255	0.2482127358547002
63	real	7830.0	0.11097357043626033	0.06173613544340332	4.1744843090652175	0.8009547160707826	0.7712209679161445	1.7975464392000289	16.197968868925255	0.2395505470767784
63	BDPN(p)		0.11057331135339861	0.05693355720474992	4.016069155429432	0.8009547160707826	0.613078766529929	1.94214654383432	17.56433374439795	0.2489996962945902
63	BDPN(lambda)		0.11097357043626035	0.05291695874648417	4.013092880020679	0.9	0.6134904762596587	2.0971267636130637	18.897533488098283	0.2491843647523172
64	BDPN(p)		0.5404343912038234	0.09974025284403938	10.272117902747215	0.8177709974329338	0.6133166268654195	5.418418098948307	10.026042359885208	0.0973509075214719
64	BDPN(lambda)		0.5243006161939219	0.09424095017342828	10.262208014663331	0.9	0.6142711286759736	5.563405454094744	10.611098446691544	0.0974449161984568
64	real	7752.0	0.524300616193922	0.117200272870842	10.716205026169254	0.8177709974329338	0.6545117193289576	4.473544330154555	8.532403342627266	0.0933166169887543
64	BDPN(psi)		0.5299278596266072	0.117200272870842	10.31441333478261	0.8288374600515437	0.6124172024499449	4.521558240829376	8.532403342627266	0.0969517089864691
65	BDPN(p)		0.2912507492047215	0.11133020195151622	6.797875821071686	0.7220674564165621	0.61832107858286	2.6160982743169714	8.982288565644525	0.1471047760096256
65	BDPN(lambda)		0.2883812076189613	0.09263755141799147	6.55106650409333	0.8916939019359853	0.6114547070574803	3.1130055059179136	10.794758547620532	0.1526469009855366
65	real	5369.0	0.2883812076189613	0.12571537534085145	7.0920622796694595	0.7220674564165621	0.7468614415989475	2.293921541713373	7.954476509247219	0.1410027098699713
65	BDPN(psi)		0.2914470557120675	0.12571537534085145	6.824394741143589	0.7166800083527238	0.6168813948597422	2.3183087583509066	7.954476509247219	0.1465331414625096
66	BDPN(p)		0.18583769865844715	0.07965783235290966	4.582274798941182	0.601273152862551	0.2917590282426094	2.332949481164975	12.553693346433034	0.2182322195585189
66	real	8427.0	0.18654805341286437	0.08768248515792856	5.814099370921657	0.601273152862551	0.2942625172754539	2.127540672197702	11.40478623751207	0.1719956843189419
66	BDPN(lambda)		0.18654805341286437	0.07186791483168727	4.563454913619348	0.6938416037352639	0.2928159605588976	2.595707052997919	13.91441510918987	0.2191322186651964
66	BDPN(psi)		0.18812457763327445	0.08768248515792856	4.667883432204477	0.5764271194504091	0.2886538297698225	2.1455205939297395	11.40478623751207	0.2142298569627595
67	BDPN(psi)		0.5335089824952871	0.15612651056259508	2.8614392596019034	0.7316748980894378	0.3762914037334503	3.417158178792383	6.405062128119969	0.3494744809432455
67	real	9280.0	0.5264727394096121	0.15612651056259508	3.8347812912684103	0.7920603909652312	0.3044712075797043	3.3720906046800803	6.405062128119969	0.2607710646437506
67	BDPN(p)		0.5328524263469234	0.1270252793343868	2.8021180595532136	0.7920603909652312	0.3851273941398012	4.194853411376643	7.87244873807801	0.3568729006940721
67	BDPN(lambda)		0.5264727394096121	0.11465250163135414	2.7862041166600116	0.9	0.3884450642448164	4.591899277543867	8.722007682094299	0.3589112491868541
68	BDPN(psi)		0.15287885549241761	0.07408205029881693	6.386933064357566	0.2219747477131971	0.4128219656064467	2.063642338134087	13.498546489553217	0.1565696696557733
68	real	6097.0	0.15138924927209782	0.07408205029881693	6.851200056413722	0.2287656433660591	0.4940575648607246	2.0435348193179728	13.498546489553217	0.1459598306524204
68	BDPN(p)		0.14957211678085577	0.06578246573119276	6.341685387382685	0.2287656433660591	0.4146325503438941	2.273738375695024	15.201619289953426	0.1576867881193829
68	BDPN(lambda)		0.15138924927209785	0.06360319859583691	6.353002470145117	0.2504734355919045	0.4142564822860569	2.380214401387148	15.722479719211073	0.1574058887430525
69	BDPN(psi)		0.3198985269378895	0.19836870226563508	7.8785609224127615	0.3332140448302227	0.1295377534723053	1.6126461648648287	5.041117820395388	0.1269267331747377
69	real	6026.0	0.321989924169934	0.19836870226563508	13.008959357190296	0.357251338239634	0.12372577708523	1.623189144720814	5.041117820395388	0.0768700994862653
69	BDPN(p)		0.3100822506155799	0.18426755616012927	7.581402652885724	0.357251338239634	0.1325091181875954	1.6827826725292714	5.426891314122579	0.1319017134143862
69	BDPN(lambda)		0.32198992416993394	0.19305620588596725	7.7790880389420005	0.3370841379175349	0.1303700010250247	1.6678558593455637	5.179838666210354	0.128549772800361
70	BDPN(p)		0.1485485731879256	0.0784584031542783	1.5192982054092232	0.3427177856450243	0.3406561483547359	1.8933417864218325	12.7456073511161	0.6581986317364535
70	real	7835.0	0.15166507079191757	0.087884814338015	1.9274311335161376	0.3427177856450243	0.3522937377303624	1.725725564016059	11.378530039943945	0.5188252812829369
70	BDPN(psi)		0.15346045612812098	0.087884814338015	1.5554292757453527	0.3211389459446968	0.3339159195857209	1.7461544099973243	11.378530039943945	0.6429093341584469
70	BDPN(lambda)		0.15166507079191757	0.07726979761542167	1.5286470908460192	0.3624027614092475	0.3390722214475394	1.9627988615521872	12.941667130760258	0.6541732267625988
71	BDPN(lambda)		0.09784592655025165	0.06275141579090684	2.0544743701880046	0.2834047185673456	0.3002261257181992	1.5592624535561517	15.935895427954751	0.486742504316805
71	real	6194.0	0.09784592655025164	0.06693857579363827	2.5073532364265856	0.2917293779108926	0.3466619354765934	1.4617270443861274	14.939068962011564	0.3988269325087892
71	BDPN(psi)		0.09848843705749215	0.06693857579363827	2.0695734800687524	0.266397594568922	0.2984388189162381	1.4713255531626106	14.939068962011564	0.483191348183868
71	BDPN(p)		0.09411272123866804	0.060459542985598046	2.037146915206217	0.2917293779108926	0.3022658414402975	1.5566231001958857	16.539986090172864	0.4908826126066473
72	BDPN(lambda)		0.10676567127472	0.10550734985012675	3.2783104309791993	0.0720617348574618	0.1416719434039446	1.0119263864212371	9.478012682723058	0.3050351762146301
72	real	7543.0	0.10676567127472003	0.1063584784596672	3.6152278647402953	0.0717312680208506	0.2028114893478996	1.003828494173196	9.402165341987434	0.2766077374411464
72	BDPN(psi)		0.10759665846230548	0.1063584784596672	3.2808368264460026	0.0709402493567864	0.1415689026612734	1.0116415731079476	9.402165341987434	0.3048002850794806
72	BDPN(p)		0.10698570931496772	0.10573424519310683	3.2804555400049904	0.0717312680208506	0.1416415250132146	1.0118359394307426	9.457673795028835	0.3048357119323979
73	real	6257.0	0.12346277654148662	0.053581656293388666	3.310297183097959	0.8476236246098321	0.379213328332272	2.304198583661932	18.663103554030823	0.3020876811622529
73	BDPN(p)		0.12119494927750311	0.05	2.5163344207435245	0.8476236246098321	0.3731462023345496	2.4238989855500623	20.0	0.3974034578855861
73	BDPN(lambda)		0.1234627765414866	0.05	2.5273217951906872	0.8823862039343104	0.3722060394090014	2.469255530829732	20.0	0.3956757710485972
73	BDPN(psi)		0.1207476948946613	0.053581656293388666	2.5459474906245396	0.8493973373803907	0.3707789094282485	2.253526733729583	18.663103554030823	0.3927810780397096
74	BDPN(psi)		0.12794773775124607	0.10406294870691203	1.0002894524020107	0.3502551590567135	0.3513063153435879	1.2295225086462265	9.60956817412938	0.9997106313564382
74	BDPN(p)		0.12380704924828977	0.09712997174587945	0.9780468446012044	0.3688071058041566	0.3580332863122522	1.274653405358805	10.29548327900572	1.022445914037734
74	real	5741.0	0.12689083020470684	0.10406294870691203	1.482072541889512	0.3688071058041566	0.3759059601647773	1.219366083524006	9.60956817412938	0.6747308055009832
74	BDPN(lambda)		0.12689083020470682	0.09753592377240544	0.9828360381893805	0.3778932074187421	0.356326328775511	1.3009650731437106	10.252632684685937	1.0174637082317817
75	BDPN(p)		0.8924102579054879	0.16091863916143204	3.6644783947668707	0.7687429739112847	0.3600671861500407	5.545723370244453	6.214320511353626	0.2728901339486868
75	BDPN(psi)		0.8812258018791762	0.19909435394688468	3.7298326471358263	0.728690389878697	0.3522548366626735	4.42617173420334	5.022744142040234	0.2681085438961744
75	BDPN(lambda)		0.9065488496461811	0.13635366541908467	3.6587522766325717	0.9	0.3606379700350056	6.648511038261363	7.333869587784734	0.2733172197491261
75	real	9599.0	0.9065488496461811	0.19909435394688468	4.4562355775795774	0.7687429739112847	0.2583589671433975	4.553362924033669	5.022744142040234	0.224404653342666
76	BDPN(p)		0.20129255602637325	0.05286585999853567	2.3099816356852743	0.6123580380432588	0.4706816639855669	3.807609599691537	18.91579934626428	0.4329038744515136
76	BDPN(psi)		0.20242460190615205	0.0639911093534299	2.3434212328838204	0.571543783764035	0.4657989335316415	3.163323842194059	15.627170869579563	0.4267265252902899
76	real	7150.0	0.20205625173446942	0.0639911093534299	2.780174899698625	0.6123580380432588	0.4620428403955336	3.157567571121336	15.627170869579563	0.359689600862306
76	BDPN(lambda)		0.20205625173446942	0.05	2.3186277339299997	0.708759352372313	0.4702684066672528	4.041125034689388	20.0	0.4312895879603027
77	BDPN(lambda)		0.30162253370036707	0.05	7.019538784283703	0.8711283882495798	0.5635570651311635	6.032450674007341	20.0	0.1424595020742582
77	BDPN(p)		0.3042612627036168	0.0715252859735183	7.031578469959822	0.555374403016595	0.5619680187576469	4.253897884676299	13.98106958104638	0.142215578517993
77	BDPN(psi)		0.30384731625513456	0.08766298660732771	7.076367380321672	0.5301766971748612	0.560026692070761	3.466084467509302	11.407322961506429	0.1413154442462741
77	real	6869.0	0.30162253370036707	0.08766298660732771	7.5690614848623925	0.555374403016595	0.6218104212180111	3.440705654387944	11.407322961506429	0.1321167759041107
78	real	5976.0	0.24902298793870403	0.06798506530704886	6.275400275599519	0.6948838960569584	0.8498023966817478	3.662907240200661	14.70911288359559	0.1593523848810529
78	BDPN(lambda)		0.24902298793870403	0.05	6.215280266804783	0.9	0.749133550123013	4.980459758774081	20.0	0.160893790315604
78	BDPN(psi)		0.2541629162121784	0.06798506530704886	6.225206050896674	0.7040539395647505	0.7481830844055769	3.73851102538878	14.70911288359559	0.1606372531003951
78	BDPN(p)		0.2580070493821572	0.05593584131961571	6.212480888144521	0.6948838960569584	0.7488059665576028	4.612553298481964	17.877625086320418	0.1609662899580637
79	BDPN(p)		0.14248202972584975	0.05753194547833043	0.7478729462493372	0.7156319499838951	0.3730902878390785	2.476572424958513	17.38164756442406	1.33712551712842
79	BDPN(lambda)		0.14481957118822025	0.05	0.7277515738571488	0.8902292645207406	0.379803843756702	2.896391423764405	20.0	1.3740952763590877
79	real	6718.0	0.14481957118822028	0.0713832340825993	1.3936162968538157	0.7156319499838951	0.2489631779722895	2.0287616980290637	14.008891763616024	0.717557624905484
79	BDPN(psi)		0.14773345134445487	0.0713832340825993	0.7838102859165332	0.6210316858210686	0.3564223464348448	2.0695819297499023	14.008891763616024	1.275818929615946
80	BDPN(p)		0.29994673302467234	0.09561671291374768	8.651265604318304	0.4660864814641053	0.657850916619176	3.136969718831929	10.4584226912513	0.1155900241348326
80	BDPN(lambda)		0.29963702362056854	0.06734008898333145	8.633584257301509	0.7253684620627028	0.6590654669605956	4.449608370650313	14.849995227174825	0.115826749377501
80	real	8439.0	0.29963702362056854	0.1143953859899685	8.871739784771137	0.4660864814641053	0.7784831429494692	2.619310394624169	8.74161131015976	0.1127174628945451
80	BDPN(psi)		0.30276587537283006	0.1143953859899685	8.686278594111851	0.4483849747995468	0.6564139012733878	2.646661600489552	8.74161131015976	0.1151240993672328
81	BDPN(lambda)		0.25958060228630364	0.05308717961373137	2.4804750452422786	0.9	0.3399909973437339	4.889704146557473	18.83693967688845	0.403148583138568
81	BDPN(psi)		0.2596806577931225	0.07585775142294161	2.5981456935352307	0.6883887652536821	0.3293772857812163	3.423258044458558	13.18256844214302	0.3848898860784537
81	BDPN(p)		0.25893115653288007	0.06358679577877763	2.5101588469279177	0.7396121247358467	0.3368602362014599	4.07209002060298	15.7265354819743	0.3983811626996673
81	real	8447.0	0.25958060228630364	0.07585775142294161	4.014710545546894	0.7396121247358467	0.2751228707958277	3.4219390558919045	13.18256844214302	0.2490839597662146
82	BDPN(lambda)		0.43093145193470594	0.0725009754885404	5.198602613108467	0.9	0.6254000871879141	5.9438021217082735	13.792917864368064	0.1923593847082028
82	BDPN(psi)		0.42392483263866126	0.09752615287193425	5.23171766972802	0.7792400413764229	0.6231569065760189	4.346781044417234	10.253659870221094	0.1911418129052034
82	real	5865.0	0.43093145193470594	0.09752615287193425	5.597553200203111	0.7883854475826233	0.6623887126756601	4.418624535519005	10.253659870221094	0.1786494856294915
82	BDPN(p)		0.4302918736938483	0.08161460041553781	5.202078767091792	0.7883854475826233	0.6248653917704853	5.2722413820938	12.252709624362993	0.1922308455469711
83	BDPN(psi)		0.1725355267208884	0.11162047644659837	1.9994963360605305	0.5979379273995786	0.4461178755204041	1.54573365222494	8.958929685974073	0.5001259477025254
83	BDPN(lambda)		0.17373698134888832	0.09237818366159481	1.9487538131625906	0.7232135172253832	0.4540900132492073	1.880714411806708	10.825066702580544	0.5131484506896854
83	real	7171.0	0.17373698134888826	0.11162047644659837	2.432626533447251	0.6119831051316328	0.486073343703683	1.556497399758079	8.958929685974073	0.4110783082608697
83	BDPN(p)		0.16994809421505033	0.10132599095210713	1.9649392510079378	0.6119831051316328	0.4516414317863366	1.677240879838799	9.869136147631275	0.5089215859915459
84	BDPN(lambda)		0.18746492372065188	0.06539791639626392	5.846061454438837	0.9	0.5529329738679042	2.8665274683179574	15.291007039746122	0.1710553349111158
84	BDPN(psi)		0.19006476273393216	0.0898480872370184	5.898271405417915	0.678012237859676	0.5496755044573427	2.1154013243770358	11.129897483092874	0.169541197965465
84	real	9059.0	0.18746492372065185	0.0898480872370184	6.329119311706289	0.6761946124424448	0.6490731168478654	2.0864653826866806	11.129897483092874	0.1579998655026787
84	BDPN(p)		0.18989820425208354	0.07988571973024877	5.864434913732413	0.6761946124424448	0.5514395090277217	2.377123281774458	12.51788183641224	0.1705194131592043
85	BDPN(lambda)		0.36016170419137533	0.0949603817316177	2.08452798425995	0.9	0.6637756945354942	3.792757543975385	10.530707456781878	0.4797249101719402
85	real	5606.0	0.36016170419137533	0.11085979885199082	2.026458654704752	0.8931948966630835	0.7288994024467091	3.2488035150796915	9.020402439437062	0.4934717013240502
85	BDPN(psi)		0.35093185865394094	0.11085979885199082	2.0892311299069566	0.9	0.6625293559760445	3.165546593878191	9.020402439437062	0.4786449836426354
85	BDPN(p)		0.3549954412066957	0.09605029771912926	2.085252910100785	0.8931948966630835	0.6639605868921173	3.69593275228334	10.411211872806524	0.4795581366442825
86	BDPN(p)		0.5629552017696985	0.15100547310749485	7.405670416291713	0.7928508792557454	0.5669693916380918	3.728045018401107	6.6222765269450825	0.1350316640881159
86	BDPN(lambda)		0.5551444114497647	0.13719193363159995	7.395951070219414	0.9	0.568061774863645	4.046479969737055	7.289058281555309	0.1352091151639181
86	BDPN(psi)		0.5581992174900032	0.17634434253106518	7.459583688955184	0.7857620299055982	0.564612535786265	3.1653933972487365	5.670723458700343	0.1340557384563727
86	real	8801.0	0.5551444114497647	0.17634434253106518	7.862517533898766	0.7928508792557454	0.6122162962065774	3.148070436974576	5.670723458700343	0.1271857259063094
87	real	6460.0	0.5685198426728317	0.19479964642596537	13.4769039665882	0.4463037442985002	0.5826533250355687	2.9184849824093533	5.133479543455205	0.0742010184593724
87	BDPN(lambda)		0.5685198426728316	0.12077383418898842	12.628407397355588	0.6448929826679268	0.5396574934417014	4.707309712327296	8.279939166584604	0.0791865489079329
87	BDPN(psi)		0.568774559718974	0.19479964642596537	12.754885362782927	0.4311829328340361	0.5359361739489236	2.9197925671550933	5.133479543455205	0.0784013318471578
87	BDPN(p)		0.5658278498805946	0.1647896005891517	12.661496482232556	0.4463037442985002	0.5382342373331777	3.4336380928023424	6.06834409710822	0.0789796057206402
88	BDPN(psi)		0.13445701995083062	0.10690286387848622	1.2270460073174336	0.6612696533230041	0.4403770883225193	1.2577494659419464	9.354286346684544	0.8149653672613293
88	BDPN(p)		0.13037361260623448	0.09828360582304593	1.2111206375352739	0.7178249529385188	0.4452002429329199	1.326504166330291	10.17463687484608	0.8256815787030753
88	real	6434.0	0.1313157899176493	0.10690286387848622	1.6054338019925039	0.7178249529385188	0.4939887602078794	1.2283655007307628	9.354286346684544	0.6228846052443271
88	BDPN(lambda)		0.1313157899176493	0.09351311291525266	1.2006329716158608	0.7899217975991321	0.4475516371176592	1.4042500118315573	10.693687428695284	0.8328940014483853
89	BDPN(lambda)		0.22820304741786596	0.18700983727224693	14.229830781404047	0.2462138621911569	0.4004707064736528	1.2202729586126018	5.347312283600411	0.0702749045552129
89	BDPN(psi)		0.22986092425199295	0.1935017328786712	14.252203229338312	0.2358770931349532	0.4000450236600448	1.1879011150567813	5.167912375374006	0.0701645902678043
89	BDPN(p)		0.22339959345845048	0.1843106948921811	14.206700860693072	0.2467314394005461	0.4008576729133285	1.2120815538628171	5.425621126245465	0.0703893190829961
89	real	5211.0	0.22820304741786598	0.1935017328786712	15.19314451678328	0.2467314394005461	0.5357468408162837	1.1793333528488508	5.167912375374006	0.0658191593514653
90	BDPN(psi)		0.22589141236580765	0.12272531375814727	6.1896033471683465	0.3603865946937196	0.4489587238766941	1.8406260733703896	8.148278210725811	0.1615612413124155
90	real	6115.0	0.22650294292100898	0.12272531375814727	6.785714204914276	0.3683850829866265	0.5318659136339279	1.8456089944685297	8.148278210725811	0.1473684228074019
90	BDPN(lambda)		0.22650294292100903	0.10725432271170851	6.147779475900522	0.4027188936167982	0.4509979388307911	2.111830434376354	9.32363353491984	0.1626603562993809
90	BDPN(p)		0.22203469209220575	0.11127401762992122	6.13482745556075	0.3683850829866265	0.4513835023886202	1.9953866753571892	8.986823890243928	0.1630037694203733
91	real	7787.0	0.6079719326322961	0.1353124322545363	7.925160326015876	0.7171347526703086	0.6763524521429629	4.493097363652733	7.390303930971394	0.1261804126179386
91	BDPN(p)		0.6198345410697693	0.11116594396677121	7.88110068245314	0.7171347526703086	0.6161339972318131	5.575759256405406	8.995560729452462	0.1268858298215182
91	BDPN(psi)		0.6119540491385045	0.1353124322545363	7.915543422294138	0.6966230493804493	0.6146508154441036	4.522526414922151	7.390303930971394	0.1263337141431754
91	BDPN(lambda)		0.607971932632296	0.09233292753808116	7.871262250408777	0.9	0.6175792834465681	6.584562504871822	10.83037250809108	0.1270444266989157
92	real	6452.0	0.6788601952024828	0.17365246157150832	9.563529766760299	0.632398761149956	0.4805501069468239	3.909303611702245	5.7586284176467615	0.1045639031182475
92	BDPN(p)		0.6794616548808116	0.15133269328380033	8.579700216626987	0.632398761149956	0.480923879249192	4.48985371327919	6.607957463128337	0.1165541889286592
92	BDPN(psi)		0.6686146470202896	0.17365246157150832	8.656802086961664	0.6455238796812875	0.478683053501108	3.8503033067858983	5.7586284176467615	0.1155160982028384
92	BDPN(lambda)		0.6788601952024828	0.10978179457264309	8.532351113935524	0.9	0.4839395547345228	6.183722882697805	9.108978441214092	0.1172009902835272
93	BDPN(psi)		0.2843149099285958	0.1690649176684622	2.3054826409411113	0.2572648170294998	0.5675790577618952	1.6816907602684303	5.9148876880596175	0.4337486573274715
93	real	7041.0	0.28991243920139254	0.1690649176684622	2.3894513631431535	0.2686242794865275	0.6852387074920037	1.7147995172476491	5.9148876880596175	0.4185061120828051
93	BDPN(p)		0.2748396491089197	0.1488722621858951	2.284561204963117	0.2686242794865275	0.5732144432603437	1.8461441041698592	6.717168029268684	0.4377208182593403
93	BDPN(lambda)		0.28991243920139265	0.1545816879235367	2.295263277927581	0.270153459894301	0.5698388149518072	1.8754643133719489	6.469071553253103	0.4356798671492324
94	BDPN(lambda)		0.8225715155728643	0.1527923756524196	6.943311449920869	0.9	0.5318504141877561	5.383590065018001	6.544829188825851	0.1440234976081041
94	BDPN(p)		0.8254352213043209	0.16076255926315997	6.9495310005219215	0.8463733660930275	0.531087794966894	5.13449913392537	6.2203538223290655	0.1438946023731527
94	BDPN(psi)		0.8038353339685095	0.18160573765017254	6.988056517761203	0.8930592256899783	0.5300966116828657	4.426266176220373	5.506433953790061	0.1431013039832103
94	real	7243.0	0.8225715155728645	0.18160573765017254	7.023187672882879	0.8463733660930275	0.5419505538772849	4.5294357227709705	5.506433953790061	0.1423854874135123
95	BDPN(p)		0.18805173874860923	0.18166885864257246	16.272146754019285	0.1636230712088325	0.1731075236683711	1.0351346959172285	5.504520738843124	0.0614547063222003
95	BDPN(psi)		0.19015478042551529	0.183949474340936	16.286812807378226	0.1602033657747872	0.1729690964938228	1.033733752742768	5.436275388026268	0.0613993671952183
95	BDPN(lambda)		0.18943809658403946	0.18298039667603455	16.28223457299849	0.161678478789192	0.173022161885375	1.0352917581626966	5.4650663030887	0.0614166314529298
95	real	9443.0	0.18943809658403946	0.183949474340936	17.571313911682395	0.1636230712088325	0.2433948871366024	1.0298376620143568	5.436275388026268	0.0569109404695766
96	BDPN(psi)		0.46284355203297545	0.09478378879943378	6.394322580080243	0.8966182870841514	0.5537960159586441	4.883150989167257	10.55032735730832	0.1563887319534403
96	BDPN(lambda)		0.46222416884869677	0.08133647942184395	6.3551263631441275	0.9	0.555747506286088	5.682864221985991	12.294606394427213	0.1573532834530864
96	real	5543.0	0.46222416884869677	0.09478378879943378	6.50963781003315	0.8720190418578232	0.5899571629882747	4.876616293813505	10.55032735730832	0.1536183777319721
96	BDPN(p)		0.4747791427028863	0.08144546957777843	6.362042900973318	0.8720190418578232	0.5547088856158668	5.829411324708293	12.278153778032117	0.157182215770191
97	BDPN(psi)		0.19691933172351697	0.1553080135162733	14.092884886381304	0.438732166134874	0.4518781191026914	1.2679276958421957	6.438817787693996	0.0709577923939727
97	BDPN(p)		0.19319169463035493	0.14724523881125515	14.047337781961623	0.4509782504116773	0.4526558334658888	1.3120403497595994	6.791391070252805	0.0711878660228498
97	real	6108.0	0.19756615511237788	0.1553080135162733	14.725303571478474	0.4509782504116773	0.6169577777965023	1.2720924737838897	6.438817787693996	0.0679103147276981
97	BDPN(lambda)		0.19756615511237782	0.14641308627109145	14.058175566608028	0.4671884297139301	0.4524999246088935	1.3493749783169915	6.829990579861475	0.0711329855899133
98	BDPN(psi)		0.17005908451213247	0.06528501096699911	0.6377008880638315	0.8389445123835623	0.5146519710508792	2.6048718073754413	15.31745166598026	1.568133303116717
98	BDPN(p)		0.1720827051302465	0.056458150846588805	0.6377482663809106	0.8267423271217178	0.5180594896003925	3.047969204620943	17.712234371920097	1.5680168064976372
98	BDPN(lambda)		0.17267325826259997	0.052915219522038565	0.6354910060758769	0.9	0.5202303084312748	3.263205932476262	18.89815461473257	1.5735863929451128
98	real	6575.0	0.1726732582625999	0.06528501096699911	0.6560921811438389	0.8267423271217178	0.4936250236238193	2.6449142874447005	15.31745166598026	1.5241760666261683
99	BDPN(lambda)		0.26033692021921234	0.05710324645607606	2.1280279932010675	0.9	0.4733813497673522	4.559056382537971	17.512139187553935	0.4699186303915856
99	real	7387.0	0.2603369202192124	0.07602257311510972	2.498348571661117	0.8028789132425652	0.4512147098699456	3.424468674916103	13.153987809460856	0.4002644031913905
99	BDPN(psi)		0.26084394126659777	0.07602257311510972	2.166574309770494	0.7696674291025697	0.4664469745823272	3.431138023592551	13.153987809460856	0.4615581360354681
99	BDPN(p)		0.2627647381103587	0.06252177858540162	2.1326773259383027	0.8028789132425652	0.4717386761674149	4.202771323138788	15.994426624221031	0.4688941865877602
