	type	sampled_tips	lambda	lambda_min	lambda_max	psi	psi_min	psi_max	phi	phi_min	phi_max	R_naught	R_naught_min	R_naught_max	infectious_time	infectious_time_min	infectious_time_max	p	p_min	p_max	upsilon	upsilon_min	upsilon_max	partner_removal_time	partner_removal_time_min	partner_removal_time_max
0	real	899.0	0.7761877986498075			0.1957325409075551			64.30877242359675			3.965553172971901			5.109012509433994			0.2987834524384259			0.4834119112256407			0.015549978056074215		
0	BD(p)		0.9095453539786948	0.8713935471221677	0.9486104371395596	0.4472299561262426	0.4062674406224664	0.49012610733700296				2.033730839179188	1.9484239264066503	2.121079825144336	2.2359861773608998	2.040291233277267	2.4614327903507127	0.2987834524384259	0.2987834524384259	0.2987834524384259						
0	BDPN(p)		0.8032380002854934	0.7695502717578799	0.8375426986878883	0.17983832771079986	0.15259342622360764	0.20939691479637204	56.8926386467433	50.01383394952661	64.48062325968161	4.466445003743528	4.279122707343024	4.657197991936128	5.560549926866046	4.775619549946329	6.553362256475048	0.2987834524384259	0.2987834524384259	0.2987834524384259	0.4315092057945722	0.3918980091688985	0.4720363815533576	0.017576966436891443	0.015508534958986341	0.019994467950791156
1	real	700.0	0.09150178505549886			0.05918472743747275			28.711339782654175			1.5460371115532854			16.896250828500918			0.412557149301818			0.5614393500732452			0.03482944396081946		
1	BD(p)		0.1121844418449066	0.10523541422959994	0.11885941314780413	0.08902357737319731	0.08214673539091627	0.09665229270845296				1.2601655107007912	1.1821072274869464	1.33514532503599	11.232979279274325	10.346366050689065	12.173338298122792	0.412557149301818	0.412557149301818	0.412557149301818						
1	BDPN(p)		0.0945119341929886	0.08866743830592683	0.10118702347260272	0.054744614328403635	0.04886629713623448	0.06141996908351885	34.66905167143363	29.923989057103192	40.07519178482745	1.7264151981421878	1.619655913073493	1.8483466312430108	18.266637043073683	16.28134977795577	20.46400195234964	0.412557149301818	0.412557149301818	0.412557149301818	0.4890357318711222	0.4403231882667721	0.538934586180583	0.02884416941880107	0.02495309330942745	0.033418004467643835
2	real	998.0	0.21635408795492728			0.0801882474338148			8.884141165980946			2.698077272900871			12.470655389062754			0.8175468342415309			0.03657238462090008			0.11256012047953368		
2	BD(p)		0.21330447620435472	0.2025233895221024	0.22474612692522333	0.08646362196328214	0.0777837228576363	0.09599954054598894				2.466985205580876	2.3422959265817758	2.5993142760161563	11.565557598600973	10.41671652085612	12.856160174156884	0.8175468342415309	0.8175468342415309	0.8175468342415309						
2	BDPN(p)		0.21249050294090535	0.20175075083843752	0.22393216297695875	0.08170717575498394	0.07287982840678259	0.09124313969869663	7.870526350092173	3.3699488415250554	17.422095498880175	2.600634533961896	2.469192564474745	2.7406670333149954	12.238827138006938	10.95972807711575	13.7212178165191	0.8175468342415309	0.8175468342415309	0.8175468342415309	0.04182649630041893	0.020913248150209462	0.07083370197882423	0.12705630545132332	0.0573983766800197	0.2967404097290256
3	real	626.0	0.4473149041032432			0.1468825974345976			63.39173902070609			3.0453907536760374			6.808158471225768			0.8773057189071051			0.3665120690933048			0.01577492612520636		
3	BD(p)		0.4586522226377419	0.4282612547282044	0.4901090407192668	0.2348755528207496	0.20929541423098008	0.2625256121478448				1.952745686511581	1.8233538977768424	2.086675411013526	4.257573800212285	3.8091521502170105	4.7779355494927005	0.8773057189071051	0.8773057189071051	0.8773057189071051						
3	BDPN(p)		0.44310677006565535	0.4128846275806984	0.4745640773820423	0.15055448807936905	0.12952338819320774	0.173439225754355	71.47224744475427	58.53378797691117	86.42076893168854	2.9431654659943387	2.7424265649459394	3.1521084720627024	6.6421135148945	5.7657083952641575	7.720613349832367	0.8773057189071051	0.8773057189071051	0.8773057189071051	0.3480141373117742	0.3017935097000542	0.3957670081141345	0.013991444732068451	0.011571292553419096	0.0170841497631155
4	BD(p)		0.5161991664936882	0.4895335846341517	0.5438414453787397	0.3408947412217685	0.31367660764736904	0.36949521763717696				1.514247960070102	1.4360256273818153	1.5953353912988193	2.933456809618109	2.7063949741886577	3.1879967317301077	0.4566571813926974	0.4566571813926974	0.4566571813926974						
4	BDPN(p)		0.4159819511800684	0.3932876257249084	0.43981389130765136	0.13205301207345851	0.1136236822506284	0.15207752807110336	56.26733601099946	50.511575564561774	62.50684616055356	3.1501133116802036	2.9782556228715946	3.330585833687697	7.572716322772854	6.575593466593259	8.800982156116222	0.4566571813926974	0.4566571813926974	0.4566571813926974	0.7498627899021771	0.7051932291755827	0.7918780244107959	0.017772300430297858	0.01599824757485643	0.019797442246121233
4	real	808.0	0.41872635048364015			0.13024883603502982			54.0676844321516			3.214818367904844			7.677611796323882			0.4566571813926974			0.7442333920511603			0.018495336179134486		
5	BDPN(p)		0.5129944960112174	0.4799948507604944	0.5473091591335315	0.08175424294248039	0.06535103734478906	0.10082616993217036	26.797552462395505	22.999029934690817	31.023781050383267	6.274836357693919	5.8711919220902455	6.694565803986472	12.231781055125998	9.918059970667716	15.301975923106562	0.6349737110422649	0.6349737110422649	0.6349737110422649	0.5526777341492993	0.4981655748240267	0.6068456647796576	0.03731684083474717	0.032233337334865116	0.04348009471876202
5	real	564.0	0.49377051921884435			0.10407903377970058			24.595491753767217			4.744188154782319			9.608083046933881			0.6349737110422649			0.5851395501142435			0.04065785754606159		
5	BD(p)		0.5393780925705961	0.5062552216409597	0.5736918498840073	0.2334426819775943	0.204387346730395	0.2639531359973093				2.310537593216845	2.1686489263756394	2.4575276681368403	4.283706782018464	3.7885513131777815	4.89267078416106	0.6349737110422649	0.6349737110422649	0.6349737110422649						
6	BDPN(p)		0.5795079289831547	0.5439161325711052	0.6166796735117055	0.14844479316683035	0.12598250045782106	0.17323664462574007	37.01852069418137	31.20516127364129	43.59527724530445	3.903861608213311	3.664097075872661	4.1542694786111305	6.7365111208457495	5.772450754633335	7.937610353549062	0.6875161265545106	0.6875161265545106	0.6875161265545106	0.38665601718327663	0.3398343901024892	0.4351724845740526	0.027013505165731314	0.022938264490741544	0.03204598083089193
6	real	658.0	0.5708232168623668			0.1572889051116076			37.12582248496221			3.629138472655318			6.357727516066244			0.6875161265545106			0.42248966607265376			0.026935430195655582		
6	BD(p)		0.6053725522107782	0.569960097979678	0.6425433347486809	0.2683250986718423	0.2385642966712661	0.3007413250079831				2.2561160145184185	2.124140085295304	2.394644921139122	3.726822443930173	3.3251166928038747	4.1917420752107235	0.6875161265545106	0.6875161265545106	0.6875161265545106						
7	BDPN(p)		0.16258647916280816	0.15248732421513267	0.17307519104323382	0.13129373435601285	0.1216234962592775	0.1417827745103956	61.970209457214615	34.412368874617854	104.59978970507493	1.2383414940574595	1.161421182534513	1.3182288697336266	7.616509690313362	7.053042962752004	8.222095489412634	0.7509665463618337	0.7509665463618337	0.7509665463618337	0.04544896278569472	0.02911574178458568	0.0659568952258458	0.016136785864672903	0.009560248666078174	0.02905931886420025
7	BD(p)		0.163651189314004	0.15348548998187872	0.17413989002517566	0.13650167242356476	0.12644490767337832	0.14699065794450303				1.1988951227366231	1.1244220474135522	1.2757344795367744	7.325917567493236	6.803153438346772	7.908582626222596	0.7509665463618337	0.7509665463618337	0.7509665463618337						
7	real	814.0	0.16302778111167676			0.1334918033008829			60.67411960254851			1.2212568643201371			7.491096646181767			0.7509665463618337			0.06373854291469172			0.016481491722510247		
8	BD(p)		0.23805904454086735	0.2250948780425387	0.2514073065394029	0.17771345621351556	0.1645980043851687	0.19201602874822624				1.3395667925947543	1.2666169621511174	1.4146779422113491	5.6270359111047865	5.207898562006051	6.0754078017856346	0.3015606451401779	0.3015606451401779	0.3015606451401779						
8	BDPN(p)		0.22526033674674534	0.2129960995809077	0.23765531013505706	0.1548859875315182	0.14226252761682334	0.16823536001016978	16.589085459363847	12.564571317458858	21.439332965456078	1.4543622721255305	1.3751799176640465	1.5343887069622475	6.45636197268334	5.944053615955352	7.029257927241722	0.3015606451401779	0.3015606451401779	0.3015606451401779	0.12518643209127156	0.0978019000713059	0.15594159658806278	0.06028059849649769	0.046643242194672765	0.07958886735836894
8	real	768.0	0.22945167002882322			0.15375629151133183			23.301068157351242			1.4923075197343234			6.503798902604906			0.3015606451401779			0.12561956611843966			0.04291648748662668		
9	BD(p)		0.5310623635567139	0.4984511048613302	0.5644232385121539	0.22854843731754956	0.2018826048193992	0.2571521279864953				2.3236315670749734	2.180942957701228	2.469600077501005	4.375440111238132	3.888748686740467	4.9533737733104015	0.7304489928830195	0.7304489928830195	0.7304489928830195						
9	BDPN(p)		0.5095143020442268	0.4767389661702824	0.542875896243816	0.12840106156680625	0.10849464569699277	0.15128630629348547	16.200443729283418	13.482409622117885	19.384584026572327	3.9681471151944474	3.7128896003888423	4.227970467061606	7.7880976044711785	6.6099835768352095	9.217044708296767	0.7304489928830195	0.7304489928830195	0.7304489928830195	0.3856800725667748	0.3352102193207321	0.4378732695264336	0.06172670432430385	0.051587385039018815	0.07417071784849948
9	real	629.0	0.532209469355236			0.1390944849767228			14.369769691961723			3.826244221288143			7.189357652586643			0.7304489928830195			0.3928137592009098			0.0695905377355761		
10	BDPN(p)		0.11064565900916744	0.10293619861008536	0.1182742093810317	0.05856106973763586	0.05136593602043138	0.06619001748338066	10.996456252017868	9.779734927255394	12.31146926673282	1.889406383880621	1.7577581671792892	2.0196729655199515	17.076190795014163	15.108018369251607	19.46815491889876	0.4658447852104491	0.4658447852104491	0.4658447852104491	0.8166758141523622	0.7688237156668722	0.8603585303113697	0.09093838752066133	0.08122507381812903	0.1022522601520696
10	real	684.0	0.10952934411184516			0.06846227353923433			10.404639819205869			1.5998496463760603			14.606584740819635			0.4658447852104491			0.8636938652011614			0.09611096754681554		
10	BD(p)		0.13940643765865984	0.1307560353049936	0.14894185133933094	0.11742124661928252	0.10832583672715107	0.126956869967074				1.187233500515119	1.1135636783771063	1.2684403855994508	8.516346306919411	7.876690723860378	9.231408039051477	0.4658447852104491	0.4658447852104491	0.4658447852104491						
11	real	913.0	0.2404657828822794			0.1202784815366755			50.429565880956744			1.9992419243250608			8.31403911343093			0.4438036290312925			0.3975764689655562			0.01982963728778837		
11	BD(p)		0.2663383835459915	0.2528641687565466	0.2806396882909473	0.1807084248533856	0.16737069019629836	0.1950109545447262				1.4738570366161965	1.3992937460536399	1.5529972579786424	5.533776307393147	5.1279170564269405	5.974761762810228	0.4438036290312925	0.4438036290312925	0.4438036290312925						
11	BDPN(p)		0.2361500505397248	0.2242088370357544	0.24854488891991175	0.12069170083479948	0.10947060388153704	0.13308797064060196	54.17733315286635	46.899372382025355	62.28312566830461	1.9566386827455728	1.8576988764343227	2.0593370314676007	8.28557384710968	7.5138270963681215	9.13487241818949	0.4438036290312925	0.4438036290312925	0.4438036290312925	0.3417263248169227	0.30435000804007184	0.3809398933581022	0.018457903735837413	0.01605571315295905	0.02132224695576651
12	real	991.0	0.5416450273625862			0.14267804025975414			70.63221302860558			3.796274650089728			7.008787043748558			0.5901426952579006			0.24922139151595565			0.01415784607506219		
12	BD(p)		0.5446174883772046	0.5201971715165099	0.5703526714519782	0.217528135458811	0.19638280973041147	0.24041134022865984				2.5036645821860963	2.3914017854256344	2.621971958932984	4.597106474943101	4.159537561950617	5.0920953894730925	0.5901426952579006	0.5901426952579006	0.5901426952579006						
12	BDPN(p)		0.5330599366646955	0.5086392169154371	0.5587954173372554	0.14506628423822598	0.12762075763125333	0.16413700364656192	73.18428687127059	61.50819361678442	86.4155496200076	3.6745956475269694	3.5062538451743634	3.8520006235191673	6.893400525499176	6.092471397572918	7.835715902027428	0.5901426952579006	0.5901426952579006	0.5901426952579006	0.22298458439528288	0.1924984107474903	0.2548543573009451	0.013664135332205616	0.011571991434380374	0.016257996556203837
13	BD(p)		0.3883310424111814	0.3694183938559479	0.40835042588754294	0.07761871374630387	0.0662456234245869	0.09001551756092607				5.003059490014717	4.759398552562837	5.260979036862592	12.883491000230846	11.10919569309992	15.095336843472928	0.5655140458681811	0.5655140458681811	0.5655140458681811						
13	BDPN(p)		0.3925451427096201	0.3726619909313972	0.4125644417895181	0.06478483826327408	0.054818457284637516	0.07622818865651296	37.88866990220465	25.512277732002048	55.273940995370396	6.059213131232747	5.752302559079719	6.368225233702513	15.435710373099608	13.118506652519805	18.242031051834125	0.5655140458681811	0.5655140458681811	0.5655140458681811	0.06352608716027322	0.0446667800345671	0.08638921979796188	0.026393114421306527	0.018091707990999902	0.039196813804892906
13	real	738.0	0.38310088355527083			0.07729190673355979			27.17874357008279			4.9565459017060345			12.937965205686982			0.5655140458681811			0.05335217580283342			0.03679345947031774		
14	BDPN(p)		0.4692633437177959	0.44731349948102417	0.4911875599339733	0.12582367204391606	0.10631997328705416	0.14680186711915622	37.365981852551045	29.379399427768718	46.98059683992753	3.729531463316455	3.5550822211332305	3.9037770234724585	7.947630074339044	6.811902461624138	9.40557045946665	0.29932704471897004	0.29932704471897004	0.29932704471897004	0.1654408932612129	0.13377447228543385	0.20048585575122047	0.026762310273180417	0.021285383057333303	0.03403745547823634
14	real	648.0	0.4502166234431202			0.13326113441394777			36.98054932463765			3.3784540813273933			7.504063389507924			0.29932704471897004			0.151785148453924			0.027041242444004673		
14	BD(p)		0.4881528003706336	0.4653175128532602	0.511029811033467	0.1858589890868082	0.1634737208770775	0.2106499128408172				2.6264686081050117	2.5036050994333494	2.7495566049527094	5.3804231095485795	4.747212977750789	6.117191158522295	0.29932704471897004	0.29932704471897004	0.29932704471897004						
15	BDPN(p)		0.17677172105684044	0.16715920506154447	0.18630677839440055	0.08375219312552187	0.07470117200241791	0.09328813756642908	30.023183377699965	25.15997081151249	35.571836684021605	2.110651846357116	1.9958785414850932	2.2245002959525744	11.939985840147145	10.719476517450195	13.386670827167642	0.4699233264186504	0.4699233264186504	0.4699233264186504	0.3083002199300633	0.26976269243880546	0.3488295039185362	0.033307593915665866	0.028112127267501667	0.0397456740904655
15	real	826.0	0.1839126599933826			0.0953176999954221			31.752528833524575			1.929470182371328			10.491230905152221			0.4699233264186504			0.3204591017354189			0.03149355458404283		
15	BD(p)		0.193219992742324	0.18270796188922814	0.20370838326440327	0.12266332881743655	0.1122078864971881	0.13315245950837645				1.5752058468093508	1.4895076112043055	1.6607113570803909	8.152395745661929	7.510187973186415	8.912029548164243	0.4699233264186504	0.4699233264186504	0.4699233264186504						
16	real	712.0	0.8484860681558388			0.17491345628377797			82.36604915954129			4.850890755821913			5.717113029758038			0.8645235423799118			0.0813111534626858			0.01214092469171395		
16	BD(p)		0.8553065274430853	0.8052495043507171	0.9067608936001574	0.2379429516242948	0.2073995242664756	0.27131361049565283				3.594586524225311	3.3842124713245685	3.810833174129516	4.202688052634446	3.685771599047821	4.8216118312554945	0.8645235423799118	0.8645235423799118	0.8645235423799118						
16	BDPN(p)		0.8571280379172481	0.8069642856955344	0.9085823102694214	0.2064979801359884	0.17840255316427114	0.23796273382733316	64.28969443446826	38.51771292533816	105.3025037500315	4.1507817042703765	3.9078555885346256	4.399957373292845	4.8426623802395286	4.202338676801405	5.605300945885067	0.8645235423799118	0.8645235423799118	0.8645235423799118	0.08333382695584754	0.059896188124515415	0.11377000848270415	0.015554592517457359	0.009496450363362805	0.025962081443889902
17	BD(p)		0.17994553799995866	0.1722564719140229	0.1885270623626734	0.10128389394940998	0.09266574681313257	0.1098660934704313				1.776645140537736	1.700729160354585	1.8613725737760467	9.873238093506627	9.10198923445962	10.791474027793413	0.3215637424259439	0.3215637424259439	0.3215637424259439						
17	BDPN(p)		0.15777296535054647	0.1504242325997396	0.16540115616959744	0.05481776408619796	0.048090543575423216	0.062446740391098425	24.80375852267141	21.762453476770116	28.180650416538445	2.8781357280909354	2.74407822185534	3.017291181550439	18.242261731572164	16.01364608844414	20.79410889651604	0.3215637424259439	0.3215637424259439	0.3215637424259439	0.3810626320684628	0.3431052214522682	0.41974621756418384	0.040316470549653545	0.03548534136788865	0.04595070133371817
17	real	934.0	0.15747359893029086			0.06339813934029219			28.45984188531475			2.4838836055589053			15.773333577385571			0.3215637424259439			0.4110630684222627			0.03513722964553781		
18	BD(p)		0.2796816455677956	0.25954254227481033	0.3006566125742858	0.27316940065019474	0.25296932794568805	0.29414450428902084				1.023839584163162	0.9501157218087022	1.1006233196641582	3.660732123070195	3.39968955876673	3.953048411524016	0.3816229588113719	0.3816229588113719	0.3816229588113719						
18	BDPN(p)		0.2150335081151011	0.19831214029360886	0.23314942376007655	0.1602160128758325	0.144667574118427	0.17737940028100696	53.56521201878639	46.4806388104911	61.44936659644682	1.3421474186962334	1.2377797745304076	1.4552192354254097	6.241573373661473	5.637633222436122	6.912399036852483	0.3816229588113719	0.3816229588113719	0.3816229588113719	0.7436222014313516	0.6840743298323566	0.7992041069804139	0.018668833041289558	0.016273560744201762	0.021514334260274645
18	real	503.0	0.21897478800936912			0.18354955809364287			51.890948870958944			1.1930009000493105			5.448119899530472			0.3816229588113719			0.8892228384436468			0.01927118354468279		
19	BD(p)		0.16661189715656508	0.1569080750575476	0.17710056680867542	0.11371464296602653	0.10402822833613362	0.12325030166274507				1.4651753970360897	1.3798405461680567	1.5574121519388326	8.79394222166059	8.113570405177112	9.612775455223778	0.6515937344361273	0.6515937344361273	0.6515937344361273						
19	real	774.0	0.16252371426395082			0.10881976978292984			47.39089446358853			1.4935127558912122			9.1895066677201			0.6515937344361273			0.08851918197772764			0.021101099933201767		
19	BDPN(p)		0.16392926255120194	0.15438262607359246	0.17441796034526924	0.10578918690962832	0.09678386615958212	0.11532492118938573	47.338245051659186	32.44134347168148	67.11860012486821	1.549584294387672	1.4593422124084916	1.6487314577270349	9.452761942997652	8.671152684837368	10.33230061662498	0.6515937344361273	0.6515937344361273	0.6515937344361273	0.07395514048956732	0.05315525722687652	0.09837233893369003	0.0211245684944324	0.014898999653443138	0.030824863984838188
20	real	552.0	0.16755511158074365			0.07194252441158576			13.729421671370444			2.329013513928909			13.89998485845401			0.13213619088184433			0.6327495565911542			0.0728362799203167		
20	BD(p)		0.22207074529516774	0.20998093891183825	0.23541922076052826	0.15665597942270165	0.1426712625214433	0.17191237810465626				1.417569543872684	1.3403953024049655	1.5027783914031223	6.383414177263672	5.816916798109926	7.009120003053884	0.13213619088184433	0.13213619088184433	0.13213619088184433						
20	BDPN(p)		0.163283963931116	0.1544090596536331	0.17281914989795166	0.0646476914919801	0.05370824451679602	0.07609104345473923	14.50391483323725	12.568009392545733	16.648719614059626	2.525750883948768	2.38846981369456	2.6732454927550013	15.468456443244465	13.142151225654096	18.61911535178315	0.13213619088184433	0.13213619088184433	0.13213619088184433	0.5566946660286587	0.5023299525492975	0.6112420020446636	0.06894690237068922	0.060064679037270426	0.07956709521502384
21	real	717.0	0.33257287314617484			0.1892817403821864			22.148296763003078			1.7570256511518942			5.283129783046477			0.2011261227366748			0.48857895719779			0.04515019871281562		
21	BD(p)		0.393663963798832	0.3729570750828779	0.4146365393611149	0.29462998381716377	0.2722636373935908	0.3184648172011097				1.3361300119512782	1.2658490159451017	1.4073127724109122	3.3940876859992715	3.140064289640204	3.672910600817311	0.2011261227366748	0.2011261227366748	0.2011261227366748						
21	BDPN(p)		0.30642206478374723	0.2903158230861668	0.32358294239570273	0.15842499499106671	0.1399767533905511	0.17844898283277313	20.772927688409574	17.932381790833787	23.930976935639247	1.9341775254657625	1.832512749030146	2.042499306463282	6.312135279261888	5.6038425331743875	7.144043391332888	0.2011261227366748	0.2011261227366748	0.2011261227366748	0.4491384105898895	0.4026455673061705	0.4964780784298209	0.04813957931206577	0.04178684400095462	0.05576504067692525
22	BD(p)		0.08859946432769418	0.08244012699215318	0.0952745930773029	0.06682952598979294	0.06065800792824985	0.07350480006941909				1.325753295649983	1.2335883843429398	1.4256362239028069	14.963445949814648	13.604553703371536	16.485869453261035	0.3156462348801501	0.3156462348801501	0.3156462348801501						
22	BDPN(p)		0.08685805876674194	0.0808211640097054	0.09353319914148696	0.06388268445750199	0.05700489084496271	0.07055797820941773	4.7317069363846045	2.3432543132294863	9.697495407467402	1.359649480987674	1.2651497772212712	1.4641400864065128	15.653694087718728	14.172741699485446	17.542354439722008	0.3156462348801501	0.3156462348801501	0.3156462348801501	0.04092061483013101	0.019181538201623917	0.06995524465460948	0.2113402231889024	0.10311940949515334	0.42675692277796096
22	real	514.0	0.08916366897766466			0.06181054494687367			5.101602693779186			1.4425316756922475			16.178469237886556			0.3156462348801501			0.05729272076300008			0.19601683236120765		
23	BDPN(p)		0.574841878410343	0.5400975459284667	0.6110606703802339	0.10720142928570234	0.0881183599609277	0.12818001507114446	55.80611820572054	49.6598574756044	62.501953827757475	5.3622594609101055	5.038156203020892	5.700116821686184	9.32823383664878	7.801528182415682	11.34837280724933	0.7691684250444611	0.7691684250444611	0.7691684250444611	0.7427901659331065	0.6949150185194493	0.7875004691205159	0.017919182199945462	0.015999499835729847	0.02013698892493306
23	real	723.0	0.5582325892268923			0.13897794045758063			57.69948504059495			4.016699250175448			7.1953865247069455			0.7691684250444611			0.7819030260264941			0.017331177207152573		
23	BD(p)		0.6201218883273205	0.5832406039640718	0.658245205210853	0.31276942661116186	0.2811053442209658	0.3461375878794616				1.9826806444808376	1.8647621996927548	2.104570169606731	3.1972434481046967	2.88902458160146	3.557385231402572	0.7691684250444611	0.7691684250444611	0.7691684250444611						
24	BDPN(p)		0.21553721428482608	0.2046427463719248	0.22697883945403516	0.07079112155205207	0.06261247449517096	0.08032718959937002	20.43177416947152	16.95826822165273	24.549067146527424	3.0446927461990207	2.8907967819305256	3.206317889555397	14.126065219417512	12.449084861395955	15.971258252652605	0.601864645608676	0.601864645608676	0.601864645608676	0.23846168977300505	0.20492801464867624	0.2741587980648954	0.048943375729659684	0.04073474539913239	0.058968285377346226
24	real	897.0	0.21510874336612			0.07358816728482487			21.250156757514013			2.9231430989922083			13.589141255950494			0.601864645608676			0.2822575081092208			0.047058476387304864		
24	BD(p)		0.2233036634034981	0.21201480549628926	0.2347451996927505	0.10190047939281187	0.09244105944973577	0.11238982789471036				2.1913897239157647	2.080606556118369	2.3036712004841617	9.813496520905872	8.897602378542883	10.817703799075815	0.601864645608676	0.601864645608676	0.601864645608676						
25	BDPN(p)		0.11897346976888272	0.10975679244318877	0.1285090783135207	0.08451052561002961	0.07602898785276098	0.09404646281891473	8.789778649499931	6.9675446973300525	11.062185757430651	1.4077946966970831	1.2987351770790898	1.5206280801816408	11.832845586767018	10.633042115847434	13.152877977760493	0.7133436607538189	0.7133436607538189	0.7133436607538189	0.35950602624900857	0.3047375300626362	0.4170504067031992	0.1137685077037625	0.09039804808270226	0.14352258125924872
25	BD(p)		0.1267067006600658	0.11688586467099818	0.13719578893434708	0.11260465941726196	0.10301363399859101	0.12309389562784315				1.1252349708776088	1.0380197877769164	1.2183846533913092	8.880627188742272	8.123879700934623	9.707452899037401	0.7133436607538189	0.7133436607538189	0.7133436607538189						
25	real	543.0	0.11803096426988406			0.09496140604744659			11.095377368037948			1.2429361483012475			10.530593865684331			0.7133436607538189			0.4583215899992365			0.09012762403923852		
26	BD(p)		0.2810820418170753	0.266859125631052	0.29633654190799	0.08595405079011695	0.07400738739775675	0.09930434360941563				3.270143050074777	3.1046718936222097	3.447615780570785	11.634123008836491	10.07005296700017	13.512164598183222	0.4148437965193866	0.4148437965193866	0.4148437965193866						
26	BDPN(p)		0.2770079253624007	0.2624528199233679	0.292262487619399	0.06446726816992769	0.05355883145322137	0.07591062219746787	25.721002862236862	18.42602890588831	35.35808098266815	4.296877054449435	4.0711019308523335	4.5335019757473125	15.5117477192321	13.173386952338225	18.671057094914524	0.4148437965193866	0.4148437965193866	0.4148437965193866	0.12684549557570135	0.09711608255014634	0.16095309340477548	0.03887873289218372	0.028282077878892264	0.05427105347047596
26	real	583.0	0.27443384395468523			0.06153901266128025			21.774724222334985			4.4595100260254315			16.24985447043401			0.4148437965193866			0.1484912878862531			0.045924806660663474		
27	BD(p)		0.1527803050272436	0.14270114414652826	0.1632691197785298	0.12583750469678914	0.11510928163690885	0.13632660208929892				1.2141078718572358	1.1340112352861156	1.2974599279597423	7.946756433302956	7.335325495349494	8.687396757060101	0.6599776951434753	0.6599776951434753	0.6599776951434753						
27	BDPN(p)		0.13280988980324082	0.12354200692645045	0.14329891405252	0.06576912750901259	0.05817899537905018	0.07435163185571939	26.797702758659906	23.54706514068892	30.357122252018534	2.0193348282602863	1.8784194287741007	2.178817318701441	15.204702234539544	13.44960392988438	17.188333925066235	0.6599776951434753	0.6599776951434753	0.6599776951434753	0.7467124396907684	0.6956676440087821	0.7942038572487493	0.03731663154136754	0.03294119882965873	0.042468137495063764
27	real	646.0	0.13488320455680927			0.07243478931102565			23.67602588283741			1.8621329038128096			13.80552093147022			0.6599776951434753			0.7422298220909034			0.04223681816148432		
28	BD(p)		0.3945564738349273	0.36842186424432666	0.4212488188997892	0.16841315377395735	0.14879442481607175	0.18939045528631027				2.342788938947712	2.1876074165728125	2.5012821710184565	5.937778478646574	5.2800971331329976	6.7206819155766295	0.8933722996731404	0.8933722996731404	0.8933722996731404						
28	BDPN(p)		0.39225808031234455	0.36551192247849296	0.4199037869808845	0.13511567699682964	0.11677954928241932	0.1551401316579921	6.919617563029237	4.657891753240138	9.919386818466037	2.9031278163343592	2.7051777454889216	3.107735507188681	7.401065681101269	6.445785428392633	8.563143171426383	0.8933722996731404	0.8933722996731404	0.8933722996731404	0.17027200375808516	0.12504350275984374	0.22213000352320486	0.14451665729951482	0.10081268311246712	0.21468940305544384
28	real	621.0	0.3913566550473548			0.14067435147182997			7.485834084934542			2.782004330943896			7.108616386266049			0.8933722996731404			0.18885489739951847			0.13358564839321366		
29	BDPN(p)		0.3801128570540929	0.3593801226839473	0.4020390287424471	0.13495197953679675	0.11873123201476275	0.15211580062784624	61.49422734941347	51.24222841722822	73.07544266564639	2.816652696453773	2.663022238854649	2.979126576152408	7.410043212647611	6.573939037710593	8.422383757254893	0.7184644934752505	0.7184644934752505	0.7184644934752505	0.2561884445266419	0.22116268062651506	0.2932337466058814	0.01626168899265856	0.013684487750220794	0.019515154412445272
29	real	836.0	0.3759500434389412			0.14094597227623645			58.236462337804106			2.667334421604657			7.094917178904022			0.7184644934752505			0.2552432974685241			0.017171372708037102		
29	BD(p)		0.39119613348894783	0.369857282438771	0.41312206207107227	0.1946037522045	0.17569713577827928	0.2146270154884238				2.0102188629839888	1.9005660386758896	2.122888471528245	5.138647064467425	4.659245704574112	5.691612419123032	0.7184644934752505	0.7184644934752505	0.7184644934752505						
30	real	535.0	0.4979600222545125			0.16513245147790384			55.39175914361921			3.0155188625728355			6.055744894781077			0.8257994576131525			0.10521030330164756			0.018053226968423403		
30	BD(p)		0.4960054407998401	0.4621671782451635	0.5303206871950763	0.16465740778488602	0.14164308481513646	0.18944885724338745				3.012348168676615	2.806841091832044	3.220752071403341	6.073215978879211	5.2784694220418915	7.059998737708491	0.8257994576131525	0.8257994576131525	0.8257994576131525						
30	BDPN(p)		0.4892795980943728	0.4559011099433903	0.5235950754030929	0.14263481659716498	0.1216108985085233	0.1664732738282909	54.22997009086428	37.323135421422464	76.00683615283059	3.430295700356359	3.1962820917067165	3.6708784565682255	7.010910967300784	6.006970230137068	8.222947221542922	0.8257994576131525	0.8257994576131525	0.8257994576131525	0.1032962604783596	0.07343718518383377	0.13832375030342367	0.018439988042118848	0.013156711298826488	0.026793033026534727
31	real	906.0	0.23432088272796459			0.16683142164565526			10.676621011265452			1.4045368697130378			5.994074678114107			0.7459431396944559			0.5374181171423207			0.09366259221385198		
31	BD(p)		0.25036400089334665	0.2347787508375125	0.266572405255057	0.2344652837523973	0.21896172975321465	0.2506739458714771				1.067808405946097	1.0013369445578402	1.136937635238852	4.265023733987124	3.989245856897747	4.567008130265826	0.7459431396944559	0.7459431396944559	0.7459431396944559						
31	BDPN(p)		0.2342021744721323	0.21962703856762397	0.24945738989305405	0.1639229084124318	0.1505581385817245	0.17822567822251115	10.511731202990239	9.059320592420786	12.160154832091393	1.4287336452259445	1.3398190691873282	1.5217969978022632	6.100428608086853	5.610863765385816	6.6419524671340815	0.7459431396944559	0.7459431396944559	0.7459431396944559	0.4858741290595421	0.4384254836435713	0.5335713534143698	0.09513180851842302	0.0822357950049237	0.11038355357868894
32	real	968.0	0.23554933829525906			0.09433331626220433			22.315792597165842			2.49698990376356			10.600708632149095			0.4093710374718479			0.08426764897229241			0.04481131448259661		
32	BDPN(p)		0.2462733060592016	0.2357342186894703	0.2567611400298755	0.09453788063747404	0.08430717494275031	0.10502730637610716	26.080984473121422	17.908704182288574	38.076106381421035	2.6050224989027404	2.49354245197694	2.7159603991386443	10.577770447750106	9.521333398944444	11.861386657530165	0.4093710374718479	0.4093710374718479	0.4093710374718479	0.06677880322865612	0.049040683621044336	0.08773982620301249	0.03834211093644036	0.026263189570453104	0.055838769227590686
32	BD(p)		0.2501597790338128	0.23945369477845366	0.2616010079792126	0.10702575329243587	0.09625751272367283	0.11846862027676555				2.3373792880511592	2.2373465022401966	2.4442809317531005	9.343545541488618	8.441053822217286	10.388799499429279	0.4093710374718479	0.4093710374718479	0.4093710374718479						
33	BDPN(p)		0.09807217057897442	0.09124678358514028	0.10474723609144652	0.06342506433660365	0.05659732292478763	0.07105397497301466	15.273677507156545	11.805071977119349	19.399373497190595	1.5462683657440983	1.4386549629793637	1.6515117041985428	15.766637534538276	14.073807980197964	17.668680218831263	0.291684716324338	0.291684716324338	0.291684716324338	0.1943187111877621	0.1556067804433251	0.2375926085360756	0.06547211694966361	0.0515480564434114	0.08470935221218516
33	real	520.0	0.10041713120184906			0.06620493514150831			14.954345403864703			1.51676202064415			15.104614147911654			0.291684716324338			0.2249820487154944			0.06687019545112062		
33	BD(p)		0.1076523956983614	0.10098662096721382	0.1152809689070124	0.07924776502729411	0.07191203705598527	0.08687655494607902				1.3584281608608688	1.2743150665817835	1.4546904744544895	12.618652395503965	11.51058534285415	13.905877804872574	0.291684716324338	0.291684716324338	0.291684716324338						
34	BDPN(p)		0.3497647426800755	0.32660458398647674	0.3735982615489348	0.1168615642378726	0.10056853176692176	0.13497925874001598	10.13097401158675	8.576606661420179	11.933064936346412	2.992983578143167	2.7947990095500566	3.1969301796138265	8.557133446926077	7.408545648677057	9.943468224410458	0.7054616691758253	0.7054616691758253	0.7054616691758253	0.5625871464106904	0.504899987843188	0.6198267190483541	0.0987071923051332	0.0838007674754323	0.1165962296601827
34	real	662.0	0.3527683397823519			0.12284441627757577			9.099170898412401			2.871667679101072			8.140378132779176			0.7054616691758253			0.6064675373091123			0.10990012289740346		
34	BD(p)		0.38565919781291336	0.3616179979496063	0.4104451674144081	0.21859620708593175	0.1973465774876963	0.2414793874095611				1.7642538402384442	1.6542738905229566	1.8776408469569603	4.5746447906431085	4.141140205494849	5.067227477316376	0.7054616691758253	0.7054616691758253	0.7054616691758253						
35	real	681.0	0.3249067691625081			0.0888325858730304			14.373462263587871			3.6575178575449967			11.257130366882636			0.6508752491283276			0.8052059814781132			0.06957265978519933		
35	BD(p)		0.3742176076629459	0.3508915071840117	0.3980505435300728	0.2368854270002013	0.215692595668152	0.2597681887168075				1.5797409422852668	1.4812709740211816	1.6803504908291989	4.221450059902376	3.8495860672538846	4.6362277615617495	0.6508752491283276	0.6508752491283276	0.6508752491283276						
35	BDPN(p)		0.3221380331487956	0.3014396833560021	0.3431121093848249	0.09044664906923104	0.07577180820631033	0.10665764608515152	14.461393117958245	12.820653933004362	16.24671267491479	3.561635908724709	3.332789953614197	3.793530361994892	11.056241555555749	9.37579289160045	13.197520603932473	0.6508752491283276	0.6508752491283276	0.6508752491283276	0.7789826314954662	0.7302962170269995	0.8238767844729495	0.06914963114848141	0.061550913099116825	0.07799914148105097
36	BD(p)		0.3333005318220393	0.31837296886909605	0.34950759157827915	0.16937869855288232	0.15030454910743862	0.18940246702300784				1.967783048692976	1.8796517601633107	2.0634683969375183	5.9039301195704175	5.279762274049597	6.653158576625607	0.11235967607571384	0.11235967607571384	0.11235967607571384						
36	BDPN(p)		0.2824717519941209	0.27092701216623705	0.293912611158336	0.051986167614434066	0.04083294344877661	0.0643832892153681	7.448110583490955	6.341771035137866	8.702592747906527	5.4335944532232086	5.21152115261933	5.653669517210777	19.23588611910581	15.531980614642208	24.490029753903546	0.11235967607571384	0.11235967607571384	0.11235967607571384	0.3907256960748051	0.3449375285660389	0.43773025663153403	0.134262238562427	0.11490828411343935	0.15768465850616448
36	real	622.0	0.28370419934445007			0.06442106404683101			7.825403367339815			4.403904274822452			15.522873066378539			0.11235967607571384			0.38568295877358333			0.1277889398230397		
37	BD(p)		0.17103923241080451	0.1610759961367339	0.18152785561831972	0.14019104622352976	0.13040417578593785	0.15067999304139654				1.2200439116353292	1.1489749201236703	1.2948605528549941	7.133123169688988	6.6365811400407235	7.668466089932032	0.5929454533911118	0.5929454533911118	0.5929454533911118						
37	BDPN(p)		0.15932277761794508	0.15004605236689364	0.16885800136159726	0.1111927430049866	0.10172305415299557	0.12072842575241735	7.377722732588634	5.879325927531568	9.268293610847405	1.4328523005390739	1.3494230676561745	1.5186063118707716	8.993392670915163	8.283053421492799	9.830613210806273	0.5929454533911118	0.5929454533911118	0.5929454533911118	0.2741320211457342	0.2323697210493137	0.3180810589279261	0.13554317995481624	0.10789472603992847	0.17008752573440838
37	real	861.0	0.17298635253076802			0.11180203321572808			6.210157091533204			1.5472558732181683			8.94438116407459			0.5929454533911118			0.29836032489511755			0.16102652239882606		
38	BDPN(p)		0.9280465953097272	0.8764434156879943	0.9814027939931442	0.14955487098069578	0.12286141760135202	0.18006788505323668	49.33325582812892	40.08646886229738	60.41172261195486	6.205391969008603	5.860346840867012	6.562158674991077	6.686509061474018	5.553461127753859	8.139251683101168	0.550020021108926	0.550020021108926	0.550020021108926	0.2892667999972403	0.2474587078101392	0.3336876249974128	0.020270302115957612	0.016553078719892526	0.0249460735350659
38	real	639.0	0.9069541712108881			0.18729858601320923			63.71135668659			4.842290540020015			5.339068603163267			0.550020021108926			0.29934660369048155			0.01569578882018189		
38	BD(p)		0.9316229881583588	0.8825471665171956	0.9821206382873221	0.29182763581782944	0.2537701131619806	0.332823664156891				3.192374106542519	3.0242069571098367	3.3654134075924227	3.4266802634971834	3.004594046920312	3.940574355033303	0.550020021108926	0.550020021108926	0.550020021108926						
39	real	502.0	0.1754747131190119			0.13623419805389633			52.94918880226038			1.2880371861519777			7.340300851658294			0.4825203559928689			0.5134210104800905			0.018886030600667302		
39	BD(p)		0.1967064769944901	0.1821813869050553	0.2119622645543504	0.178999722901086	0.1643981831318563	0.194255780644572				1.0989205670624904	1.0177746867559536	1.184148562461626	5.586600827044816	5.147851954170108	6.082792284863303	0.4825203559928689	0.4825203559928689	0.4825203559928689						
39	BDPN(p)		0.16978046405360048	0.15659449029941294	0.1840831500706743	0.12068881199131627	0.10853291702344822	0.13403864105151994	55.42783423505485	46.25825206988664	65.88228195817241	1.4067622445883088	1.2975062701808695	1.525271042388911	8.285772173082218	7.460535202051426	9.213794555839248	0.4825203559928689	0.4825203559928689	0.4825203559928689	0.4808631769806218	0.4235728375356649	0.5391646756595558	0.018041477062936705	0.015178587782294544	0.0216177645123557
40	real	611.0	0.5346025878938777			0.18030756829570233			50.18216335836969			2.96494813249955			5.5460788998053125			0.3120787275915945			0.8113729426359502			0.01992739916090552		
40	BD(p)		0.7232671588207145	0.6816521565058492	0.7661514637998986	0.5161884992681052	0.4714113738434359	0.5628944192620167				1.4011686812980577	1.3205489031087518	1.484247450081146	1.9372767921367542	1.7765320915973035	2.121289505272136	0.3120787275915945	0.3120787275915945	0.3120787275915945						
40	BDPN(p)		0.5373549510812662	0.5064516872982635	0.569762454144147	0.1572575606898399	0.12856964915693966	0.18872386403885533	48.65978643185571	43.042226950907505	54.804353771284525	3.4170373031608623	3.2205236115619362	3.6231164444162594	6.358994732039031	5.298746955467782	7.7778854228601135	0.3120787275915945	0.3120787275915945	0.3120787275915945	0.7869606183846066	0.7377755797355687	0.8318986129441036	0.02055085057556558	0.018246725509679557	0.023232998635051245
41	BDPN(p)		0.3411382356648493	0.3238655908849937	0.3592518663158677	0.18047840913322155	0.16014687059859878	0.201455457506443	69.31697475189368	61.545158002673176	77.77652258878723	1.8901886231335043	1.7944838523367619	1.990553152818868	5.540828982273675	4.96387644384376	6.244268128763232	0.15314938120784724	0.15314938120784724	0.15314938120784724	0.5912762945792914	0.5445054158088591	0.6375770268339809	0.014426480722496922	0.012857350350916391	0.016248231907318618
41	BD(p)		0.4827108790234816	0.4582489984480704	0.5074944421768871	0.38278195307566704	0.3559379095000342	0.4104279218212428				1.2610596584945606	1.197154136358893	1.3258055613624171	2.612453361411016	2.4364814059496145	2.809478769498431	0.15314938120784724	0.15314938120784724	0.15314938120784724						
41	real	751.0	0.3558845882247927			0.1954596059622215			76.41352188921948			1.8207577288044785			5.116146607771635			0.15314938120784724			0.7004854855106256			0.013086689047649841		
42	BD(p)		0.933450646905427	0.8851890411573922	0.9829954205473576	0.5240405110831138	0.4780701536636995	0.5726524132570474				1.781256653185311	1.68916147213092	1.875800438625732	1.908249417460396	1.7462599944569317	2.09174321453971	0.5263841830199695	0.5263841830199695	0.5263841830199695						
42	real	808.0	0.8157244584002257			0.19538861570180296			40.538945108177394			4.174882223666312			5.11800544984757			0.5263841830199695			0.7917785049635809			0.024667637436828198		
42	BDPN(p)		0.8167125786763435	0.7728998913450946	0.8624515597289554	0.16775119409730746	0.14039357631571792	0.19921716719853688	37.2841368739265	33.455470016603435	41.457237734513505	4.868594724891157	4.607418120056772	5.141254370020597	5.961209429125911	5.019647724452455	7.122833011612968	0.5263841830199695	0.5263841830199695	0.5263841830199695	0.7313514562303759	0.6856419902159775	0.7743771995684798	0.026821058065027083	0.02412124045513749	0.02989047828363241
43	real	543.0	0.1314794911812732			0.09074356687366236			9.569777205686922			1.44891253133487			11.020064941818399			0.2479034349090582			0.7034344553032745			0.10449564065146068		
43	BD(p)		0.16070141650983985	0.1500962443197333	0.1711901481653597	0.1380908929051489	0.1273806668969341	0.1495334043771692				1.1637365298247548	1.0869380388671293	1.2396918041723857	7.241607168742652	6.6874689582917055	7.8504848840924755	0.2479034349090582	0.2479034349090582	0.2479034349090582						
43	BDPN(p)		0.12384153954703365	0.11520424379763285	0.13337710166614047	0.08281590054518269	0.07386728642305332	0.0923518539152718	10.631943722013377	9.129829786682508	12.323207535902213	1.4953836006343757	1.3910884629550062	1.6105252830448014	12.074975861120055	10.828152956381905	13.537792552345731	0.2479034349090582	0.2479034349090582	0.2479034349090582	0.5568107049910574	0.4997158573113102	0.6139405750508039	0.09405617882734893	0.0811477042066051	0.10953106721208312
44	BDPN(p)		0.205638858015445	0.1928489293894797	0.2189875528701697	0.16224688480520033	0.15027934257356435	0.17464263941955113	17.19749714486168	14.171526608445893	20.768126488993424	1.2674441069382794	1.188614065663087	1.349718073990107	6.163446535202431	5.725978508591245	6.654274518871298	0.5684845355188921	0.5684845355188921	0.5684845355188921	0.3119514920952453	0.269911154293347	0.35629836858129393	0.058147996279725125	0.04815070827549007	0.0705640279716953
44	real	816.0	0.20638463328074874			0.167122539268485			14.583172196687709			1.234929975239238			5.983633352970327			0.5684845355188921			0.3534641712669997			0.06857218625088518		
44	BD(p)		0.22326521496649465	0.2093736390310887	0.23756713587806946	0.20589276110137011	0.1922866011844823	0.22019493052789094				1.0843762246530428	1.0169062666948487	1.153839186027063	4.856897321939627	4.541430620598848	5.200570366525887	0.5684845355188921	0.5684845355188921	0.5684845355188921						
45	BDPN(p)		0.08693056687441883	0.08155990644476764	0.0926521153521627	0.060430947131282824	0.054859295837725065	0.06615264724106716	16.431983084819038	14.57968659082119	18.45850770681682	1.4385107465810034	1.34963806321922	1.5331898596737394	16.547812792468008	15.116553028571866	18.228451253877203	0.4950989334761262	0.4950989334761262	0.4950989334761262	0.6872708859888227	0.6402894777669306	0.7324700157482507	0.06085692730075085	0.05417556044526259	0.06858857999249185
45	BD(p)		0.10470947945217897	0.0982276369864178	0.11138450065583408	0.10030237810403403	0.0940959794725319	0.10697742872826466				1.0439381541240618	0.9793151353254624	1.1104871366091205	9.969853346475952	9.347766270772114	10.627446630617367	0.4950989334761262	0.4950989334761262	0.4950989334761262						
45	real	837.0	0.08957928884750833			0.06510877744360932			14.898235995228378			1.3758404375676214			15.358912258275767			0.4950989334761262			0.7742056876921439			0.06712204051004972		
46	BD(p)		0.1674785206047604	0.15967483995141227	0.17606015197274386	0.10372391894880416	0.09569861278092884	0.11230609752692293				1.6146566992655194	1.5394215873218617	1.6973920167791117	9.640977800825073	8.904236030107555	10.449472264443145	0.3668173851718088	0.3668173851718088	0.3668173851718088						
46	real	948.0	0.14720913710879166			0.07381767758079381			15.978934638948552			1.994226070681654			13.546890565684555			0.3668173851718088			0.3193667747212967			0.06258239504669519		
46	BDPN(p)		0.15011192721871744	0.14312230563034006	0.15774017648685085	0.06897184542784822	0.0620684548765824	0.07660071374567792	16.191975442946557	13.948718957626204	18.71861267596788	2.176423238896083	2.075083024711307	2.2870227048203837	14.498669620868773	13.054708645667462	16.111243658125712	0.3668173851718088	0.3668173851718088	0.3668173851718088	0.31088478460328	0.27506017075251143	0.3485707729452881	0.06175898694532751	0.0534227625364492	0.07169117128517874
47	BD(p)		0.585218944703283	0.5566926290439431	0.6147655471552885	0.1397067631595542	0.12128477117742588	0.1597311258742965				4.188909194288073	3.984722116911148	4.4003993310845395	7.157849608597224	6.260520574975282	8.245058223650464	0.5714911043821995	0.5714911043821995	0.5714911043821995						
47	real	746.0	0.573195608579768			0.1305803967791127			52.029521509757195			4.389599225597198			7.658117333580942			0.5714911043821995			0.019286012953121767			0.019219857707368462		
47	BDPN(p)		0.5860583036097543	0.5569196576291904	0.6156048812470339	0.13506753761482698	0.11726169277535775	0.1550919932400846	34.606069625238945	9.923767156944123	166.68539154311318	4.339001909407877	4.1232680143867135	4.557756009460679	7.403703492779345	6.447786111382202	8.527934198559919	0.5714911043821995	0.5714911043821995	0.5714911043821995	0.013558747313224595	0.0033896868283061488	0.028971891886455464	0.02889666497320686	0.005999325980173553	0.10076818451955044
48	BDPN(p)		0.28711270053502386	0.2686718428833524	0.3061807106229805	0.08207807636133155	0.06814278198672769	0.0973356130117777	20.08559064377496	17.496561381100847	22.937243088973414	3.4980437318129916	3.2733691479388582	3.7303592408170485	12.183521402203793	10.273731978027396	14.675068596330162	0.5089422692270921	0.5089422692270921	0.5089422692270921	0.6719333935410684	0.6168138573521527	0.7251160660724969	0.049786935208197415	0.04359721855503762	0.057154087492880964
48	BD(p)		0.3342524743100868	0.3134241946657064	0.3561796519234318	0.20681673356381075	0.1859134715612362	0.22874670641759345				1.6161771272098606	1.5154682566776116	1.7221993877663528	4.835198693878716	4.3716476431989735	5.3788463611719495	0.5089422692270921	0.5089422692270921	0.5089422692270921						
48	real	588.0	0.29241856245056547			0.09049749015506957			20.595121736393832			3.2312339485824353			11.050030208423202			0.5089422692270921			0.736204038634218			0.04855518762158568		
49	BD(p)		0.3614821787956041	0.3474008436864008	0.3757821224976515	0.15698225203762925	0.13992169322101355	0.17509921956045188				2.3026945664466285	2.2129943938065524	2.393787307928129	6.370146860680125	5.711047727741335	7.1468546226098635	0.14133192737153993	0.14133192737153993	0.14133192737153993						
49	BDPN(p)		0.3332786022296983	0.3215969326200605	0.3456722364328185	0.07958426790432373	0.06669153645127061	0.09388824418833312	36.93742274738457	31.15934343210461	43.47506572858254	4.1877447767737985	4.0409611232044576	4.3434744772470095	12.565297468115189	10.650960710204265	14.994406385144062	0.14133192737153993	0.14133192737153993	0.14133192737153993	0.23554701867324346	0.20242321917231856	0.2706342160583582	0.027072814658429496	0.02300169035380096	0.032093102416582475
49	real	778.0	0.33828236443735993			0.08943254360743098			32.22982705823236			3.782542135022669			11.181611968787944			0.14133192737153993			0.2450281773259281			0.031027159971824092		
50	BDPN(p)		0.3367455893694592	0.3151057369296308	0.3596260654683353	0.09779809501798396	0.08342962778875196	0.1140089728488562	8.939961785423488	7.937165657395633	10.045431798544037	3.443273504535396	3.2220028096834237	3.677229759968272	10.22514804420384	8.771239447317173	11.986149603016935	0.8111768807045533	0.8111768807045533	0.8111768807045533	0.7602494854830305	0.7105065992258399	0.8061392324022942	0.11185730140709206	0.09954773672794613	0.12598955888847138
50	real	747.0	0.3609828002897093			0.09599252043652963			8.035387442375535			3.7605304939189668			10.417478314481816			0.8111768807045533			0.7303333798910533			0.12444950628346625		
50	BD(p)		0.3728147230884446	0.3495763028954169	0.3966476924029462	0.23169224473879985	0.21096598837554828	0.25362167196045193				1.6090945275649615	1.5087958739815164	1.7119592969117732	4.316070229831639	3.942880717843124	4.740100561706958	0.8111768807045533	0.8111768807045533	0.8111768807045533						
51	BDPN(p)		0.16569376595035534	0.15797374567143244	0.17332189633849354	0.07574500262942313	0.0669858226337876	0.0852810234328496	43.02786976062082	38.86016698290445	47.5306206567708	2.187520763066046	2.085599580005395	2.2882287982278937	13.202191105496777	11.725938077975828	14.928532048744307	0.1174536765106809	0.1174536765106809	0.1174536765106809	0.7034779037797368	0.6608845150743231	0.7445971788415311	0.023240750833433115	0.02103906883987951	0.025733291378802488
51	real	911.0	0.17146546818992972			0.09246167307444317			44.45591780590358			1.8544491191704768			10.815292074532065			0.1174536765106809			0.8296074804899323			0.02249419310981369		
51	BD(p)		0.2586104215348919	0.24703807838000416	0.2710049814566524	0.20382567328242351	0.19114906870227205	0.21717439234577612				1.2687823735362225	1.212006683955387	1.3295919846227828	4.906153301965975	4.60459444227587	5.231519079789865	0.1174536765106809	0.1174536765106809	0.1174536765106809						
52	BDPN(p)		0.8210374506577098	0.7777932882206823	0.865823342419317	0.13327962097556265	0.1048601711565941	0.1666537733624815	18.76552789463223	16.332346772064714	21.515671848600192	6.160262496606668	5.835800571216314	6.496292051866423	7.503022537731812	6.000464194860699	9.536509324466378	0.2857527842229824	0.2857527842229824	0.2857527842229824	0.6452530713129545	0.5916920253543596	0.6972179534448459	0.053289201647561665	0.04647774919773467	0.061228188083198624
52	real	619.0	0.8128669577697454			0.16890064321021203			20.25298481908468			4.812693085828331			5.920640567101986			0.2857527842229824			0.7274808341724919			0.049375438185174834		
52	BD(p)		0.983721351278616	0.9328578438393909	1.036121840442663	0.531110355736068	0.4772710227316236	0.5873472565320158				1.852197647163691	1.7564294007156749	1.9508597963726344	1.8828478661729275	1.7025703089250592	2.095245578238917	0.2857527842229824	0.2857527842229824	0.2857527842229824						
53	BD(p)		0.1742714325950406	0.16344196805785055	0.18571353001364346	0.15104299138441593	0.13990698811760385	0.16248535463143224				1.1537869516335684	1.0820890566307593	1.2295408632432892	6.6206315886244855	6.1544008213436445	7.147605801930452	0.7398739443762213	0.7398739443762213	0.7398739443762213						
53	BDPN(p)		0.1695462177836604	0.15835369550896422	0.18098836927805528	0.13100400819756364	0.12084744505712898	0.14244660077254306	31.396152762079176	24.260193967768693	40.04786784116028	1.294206338541736	1.2087698513022231	1.3815483340411352	7.633354229070051	7.0201745396282735	8.274895671375292	0.7398739443762213	0.7398739443762213	0.7398739443762213	0.1769010409152283	0.1444231154346981	0.2130723818906333	0.03185103625842391	0.02497011835851653	0.041219785848726834
53	real	780.0	0.18266982965041165			0.14216430207225916			34.1553716973542			1.284920524968106			7.034114650608426			0.7398739443762213			0.1780502809043075			0.029277971525558413		
54	real	815.0	0.46955312440826996			0.1423536506194116			63.62151868294323			3.298497245171743			7.024758379211093			0.7968759684083102			0.10336369673042207			0.015717952364254037		
54	BD(p)		0.4658001077401227	0.4403813518480848	0.4915373202999096	0.15907256851923493	0.14116591036666534	0.1781430207788991				2.9282239676905606	2.768430509090788	3.0900193847091444	6.286439008992809	5.613467177258337	7.083863217419792	0.7968759684083102	0.7968759684083102	0.7968759684083102						
54	BDPN(p)		0.4679601894956156	0.4424233041325741	0.4946505744698035	0.13409742483860673	0.1179801585495567	0.15221480703019613	67.66431786961022	49.19566811906719	93.33728134549784	3.4897030279204104	3.2992677127473082	3.6887402950887482	7.457264755110342	6.5696630932996	8.476001492911688	0.7968759684083102	0.7968759684083102	0.7968759684083102	0.0995591152207364	0.07622494759087631	0.12681855606854614	0.014778838115637396	0.010713832517773835	0.020326992969781854
55	BDPN(p)		0.18539466065838506	0.17314970272403912	0.1987436258023048	0.11801487473649246	0.10613055152106744	0.1313647394976101	60.08861480147426	43.13029382723006	81.88770367230579	1.570943163498164	1.4671854129460675	1.684055728111106	8.473508125419217	7.612392821881954	9.422357517867935	0.4430365966019007	0.4430365966019007	0.4430365966019007	0.1408170924937669	0.10781308644054027	0.1785741538587869	0.016642087744972698	0.01221184567589966	0.023185559644127808
55	real	542.0	0.18795999525274787			0.11397735748709184			45.15845299802258			1.6490994298936499			8.773672438521414			0.4430365966019007			0.15546424545467985			0.022144248387866352		
55	BD(p)		0.19476399765226865	0.18189685718317267	0.20811283770204364	0.13740814203126436	0.1246198787158333	0.15075774786432894				1.417412351066898	1.3237705895316294	1.5145597242315665	7.277589124030737	6.63315825664846	8.024401967845497	0.4430365966019007	0.4430365966019007	0.4430365966019007						
56	BD(p)		0.17379233614261966	0.16434275525982012	0.18332742189380846	0.09432737846710153	0.086307056880085	0.10290963769637418				1.8424378898988805	1.742259330541427	1.9435229185103176	10.601375934016538	9.717262856861003	11.586538067094555	0.6624635561063753	0.6624635561063753	0.6624635561063753						
56	BDPN(p)		0.17316043894659225	0.16374541494170047	0.18269553072402234	0.09218051916431234	0.08363234549265806	0.1007627968202262	21.75593965656214	6.833941862345506	55.32752542901619	1.87849277175292	1.7763559635612731	1.9819321086526585	10.848279105669755	9.924297772164152	11.957096194172724	0.6624635561063753	0.6624635561063753	0.6624635561063753	0.018613813506485357	0.007561861737009675	0.035864742565941674	0.04596445916774616	0.01807418626164611	0.14632843242491175
56	real	911.0	0.17850530167064832			0.08734824238737895			22.18631820329693			2.0436049632114948			11.448427268463172			0.6624635561063753			0.024249489431572943			0.04507282329753109		
57	BD(p)		0.7694638466727236	0.731941197909407	0.8085344071111529	0.2541058357393277	0.22246760627191176	0.2884293870984217				3.028123476322171	2.8804580413503866	3.181880513521857	3.9353681000299474	3.4670530976747065	4.4950364538815	0.44547915133129024	0.44547915133129024	0.44547915133129024						
57	BDPN(p)		0.7558657227911348	0.7182698713630608	0.7949368149250056	0.20055672193609825	0.17249405791383446	0.2310681795556681	82.52178991255761	60.234528232682884	110.6975604232203	3.768837641013948	3.5813801922426576	3.963650817838406	4.986120586467413	4.32772700214693	5.797301148191017	0.44547915133129024	0.44547915133129024	0.44547915133129024	0.11167256178204617	0.08549930511437909	0.14116780875412666	0.012118011510167531	0.009033622748114659	0.016601773589676863
57	real	672.0	0.7501885047619905			0.19269992224529842			91.6123737838677			3.893039997219272			5.1894156901996285			0.44547915133129024			0.11039709439924286			0.010915556040052015		
58	BD(p)		0.3768098180924088	0.3525877009106715	0.40159600711898347	0.2235087350129172	0.2009101916131678	0.2473452640595716				1.685884079969545	1.5775119522299406	1.7967799204616055	4.474098070226237	4.042931663972172	4.977348296622993	0.6585497197948721	0.6585497197948721	0.6585497197948721						
58	BDPN(p)		0.3493846083173355	0.3269301316093822	0.3732181362493042	0.13604861707031124	0.11758493895522963	0.15607305304733293	35.16706551842869	29.923492638697162	41.084481052077216	2.568086437341514	2.4030389918658384	2.7432703417809936	7.35031359769861	6.407255964274151	8.504490531570113	0.6585497197948721	0.6585497197948721	0.6585497197948721	0.3980259903506453	0.34905013606921825	0.447994536073492	0.028435696446607626	0.024340090817562863	0.033418558858560404
58	real	618.0	0.34512047297542636			0.14185974461332482			36.080025749907456			2.4328288050718045			7.049216130522137			0.6585497197948721			0.4024481726589029			0.027716166472042083		
59	BD(p)		0.3592053747475278	0.3382167785709148	0.38113200503124667	0.2789854107317395	0.2572678005183223	0.30186720885618873				1.2875417886741196	1.2123099114173024	1.3661359711663452	3.5844168244394594	3.3127148980146623	3.887000230830601	0.4181846912892804	0.4181846912892804	0.4181846912892804						
59	real	677.0	0.2885342733916721			0.1480112374092576			12.281121023497903			1.9494078857935773			6.756243765701086			0.4181846912892804			0.8387130583529474			0.08142579151257158		
59	BDPN(p)		0.2784450243389693	0.26110471031778376	0.29655979097919144	0.12010326745494004	0.1033543704690891	0.13726734344102576	12.087227579370566	10.718822296183776	13.581050932652706	2.3183800927267484	2.1740017224406003	2.469206685741949	8.326168148382614	7.285053931488304	9.675449576649275	0.4181846912892804	0.4181846912892804	0.4181846912892804	0.8038506403360626	0.7536099753150587	0.8498231465072978	0.08273195763325525	0.07363200425054851	0.09329383139004274
60	BDPN(p)		0.2276006382889573	0.2107826221659488	0.24476286896037336	0.09326701144078456	0.07957112693004313	0.10757079199157764	37.54696328692169	33.089755120841204	42.4231851934088	2.440312333085332	2.2599911684719856	2.6243241332523435	10.72190461077336	9.296203750905693	12.567372595830824	0.6294314533592319	0.6294314533592319	0.6294314533592319	0.7739388221966833	0.7217886476541333	0.8216236018895705	0.02663331232297869	0.02357201599646431	0.0302208341025214
60	BD(p)		0.2674768355409578	0.2492606456114001	0.286545220153317	0.20369566850524407	0.185484729537976	0.22276526964682075				1.313119898443357	1.223691438509813	1.4067320245739052	4.909284558371723	4.489030096951074	5.391279392599598	0.6294314533592319	0.6294314533592319	0.6294314533592319						
60	real	569.0	0.20511745325269576			0.10319243797782142			36.6790366814774			1.9877178722803364			9.690632565682037			0.6294314533592319			0.8085574006035586			0.02726352953824961		
61	real	840.0	0.06203974935583697			0.05990004863585903			3.3898162725824856			1.0357211850191557			16.69447726293418			0.5106341599422953			0.32116499673140064			0.295001238883712		
61	BDPN(p)		0.06657252914189568	0.0624742460705272	0.07134058328137083	0.05625706290897195	0.05194010486920852	0.06102516623642314	4.129956892340498	3.4041636886087705	4.9746629789026064	1.1833630427812225	1.1105138242217711	1.2681178076574158	17.77554583000668	16.38668211284848	19.252945339985768	0.5106341599422953	0.5106341599422953	0.5106341599422953	0.28463202196682924	0.2440497219598399	0.32724671597075833	0.2421332779174088	0.20101864271830466	0.2937579069262338
61	BD(p)		0.07232536424687873	0.0678675289814488	0.07709339095469844	0.06922546870375945	0.0649613769097745	0.07399351019303299				1.044779697431661	0.9803838132447787	1.1136564677461216	14.445550441548585	13.51469875386662	15.39376237958918	0.5106341599422953	0.5106341599422953	0.5106341599422953						
62	real	874.0	0.22804973772645284			0.1327932883233871			19.967717442266043			1.7173287942918534			7.530501071445215			0.737207038951936			0.2863286833651299			0.050080836875389736		
62	BDPN(p)		0.2214265663675287	0.2085109472444313	0.2347750504336058	0.13299167711996013	0.12113304987871372	0.14538779443353342	20.597171396034422	16.915781751668767	24.938907809560718	1.6649655915520127	1.5678495960040555	1.7653364144121275	7.5192675335463885	6.878156477276829	8.255385305672275	0.737207038951936	0.737207038951936	0.737207038951936	0.2649437807171762	0.2271685932321101	0.3051421677092057	0.04855035581208643	0.04009798695420954	0.059116392885676036
62	BD(p)		0.23088625745667496	0.2174163595588229	0.2451880693483625	0.16973465944134744	0.15655226417249218	0.1830838336688405				1.3602776134031642	1.2809190549202598	1.4445374336352814	5.8915486282608915	5.461978701018387	6.387643163679713	0.737207038951936	0.737207038951936	0.737207038951936						
63	real	538.0	0.2330799242492134			0.09099631712181368			23.305611918738848			2.561421512666246			10.989455745349936			0.3855944208578744			0.8824898861001955			0.042908120305390964		
63	BDPN(p)		0.2262659824009973	0.2113069132571811	0.2424747774509501	0.07910310794998167	0.06567913627107858	0.09436068999484326	22.800934014799882	20.049745687940785	25.835113779187058	2.860393077653402	2.6712845896117545	3.065300261075345	12.641728320362814	10.597633400674043	15.2255351817156	0.3855944208578744	0.3855944208578744	0.3855944208578744	0.8220802182823521	0.7698973919265386	0.8693401603011022	0.04385785246125922	0.03870700971348563	0.049875944341850914
63	BD(p)		0.30048406322919924	0.2811813794663798	0.3205052060311251	0.2220341414666918	0.20217560531929368	0.2430103179659515				1.353323688169263	1.2663880320791154	1.4434951486017535	4.503811861519567	4.115051609208262	4.9461951575251195	0.3855944208578744	0.3855944208578744	0.3855944208578744						
64	BD(p)		0.3290077512689065	0.3117104675105853	0.3471216017220219	0.29142294656702544	0.2744059770416137	0.3095374780497365				1.1289699563628453	1.0696153860996456	1.1911265252483685	3.4314387792040466	3.2306265667749603	3.6442354892595854	0.348237147311161	0.348237147311161	0.348237147311161						
64	BDPN(p)		0.2456504261237885	0.23131544021809775	0.2599520268123491	0.1502875697211032	0.13687501462897286	0.1645905345862672	76.02781508985822	68.82953646997646	83.72926721283076	1.6345358872969689	1.5391521777041333	1.72969745465148	6.6539102459089206	6.075683528908327	7.30593529221312	0.348237147311161	0.348237147311161	0.348237147311161	0.7973193198611247	0.7544945517045212	0.8376971116075413	0.013153080866760244	0.011943255127960307	0.014528646439980043
64	real	903.0	0.2569666017821605			0.16359995492992285			70.86845724123478			1.5707009326025227			6.112471121574236			0.348237147311161			0.8438636099760448			0.014110650054029263		
65	BDPN(p)		0.2264382688117197	0.2097065222983499	0.2436005194365303	0.08676037812982311	0.07403032200117747	0.10106425175875228	31.83333446233223	27.75811952490902	36.36314326175288	2.609927177505968	2.417077090011727	2.8077392548015503	11.525998636193805	9.89469552881144	13.50797852782667	0.7024871858430369	0.7024871858430369	0.7024871858430369	0.7644056233977503	0.7099118631359966	0.8150216027458899	0.031413611451331966	0.027500372913356202	0.03602549513855361
65	real	553.0	0.22773184287122133			0.1017290872908337			31.40171512837986			2.238610892282537			9.830030197175523			0.7024871858430369			0.7688602110623187			0.03184539430128873		
65	BD(p)		0.25828441288995857	0.2401941026086334	0.2773529728338656	0.18572710336139744	0.16768734717376094	0.2047970472261557				1.3906662421120914	1.2932636016039685	1.4933360172757215	5.384243774341044	4.882882900629461	5.96347915841128	0.7024871858430369	0.7024871858430369	0.7024871858430369						
66	BDPN(p)		0.27059548276597223	0.2558519798022081	0.28585014286907945	0.07574160109113462	0.06464714467916932	0.08813842817776049	38.585257485837715	33.748095323001365	43.97740712735074	3.5726137138345337	3.3779584286099147	3.7740176963665686	13.202784012933257	11.345788899061905	15.468587281971965	0.5341144227448833	0.5341144227448833	0.5341144227448833	0.4841710301352261	0.4387799960600487	0.5300112999181308	0.02591663410220961	0.02273894859476772	0.029631301868418024
66	real	772.0	0.26000219318699314			0.0880622898752285			41.15258517159447			2.952480494833584			11.355598422626246			0.5341144227448833			0.4799704797794981			0.02429980998351105		
66	BD(p)		0.3000042732003536	0.28423646973080363	0.3162118727709671	0.15696910681574475	0.14234700305176867	0.17317902533875512				1.911231319883268	1.81077968459392	2.0144847555394865	6.370680322299543	5.774371336505111	7.025086433581749	0.5341144227448833	0.5341144227448833	0.5341144227448833						
67	real	536.0	0.5503508736226408			0.1268559550206135			6.640182648161164			4.338392104124804			7.882956695548938			0.400398770580008			0.5856308999107585			0.15059826709389168		
67	BD(p)		0.6151117875374386	0.5797283935289337	0.6522822078410562	0.3003015543065844	0.26639630010779164	0.33653029551460023				2.0483136990674966	1.9304874890426853	2.1720906818055528	3.3299860945077837	2.9715006741692163	3.753805888427771	0.400398770580008	0.400398770580008	0.400398770580008						
67	BDPN(p)		0.545564217337072	0.5125925557404916	0.5798777622667441	0.11782528019540267	0.0940951451557115	0.1445250147803584	8.468593915854424	7.056639168655063	10.156136129826917	4.6302815188073625	4.350446312458606	4.921505480870223	8.487142982741815	6.919217420733345	10.627540861382057	0.400398770580008	0.400398770580008	0.400398770580008	0.5209895395771699	0.45942729906072705	0.5827369817410504	0.11808335715895606	0.09846264240818542	0.1417105191437175
68	BD(p)		0.4035125100934035	0.38228626444394653	0.4254381685218511	0.13937483475199727	0.12478061389924755	0.15558503852149916				2.89516045569784	2.7428643422192	3.0524747834060086	7.174896399191388	6.427353230765935	8.01406539646805	0.8807411117846224	0.8807411117846224	0.8807411117846224						
68	real	939.0	0.40857829226308406			0.10969895554910619			54.15966237120348			3.724541315985329			9.115857074430895			0.8807411117846224			0.14701198679257932			0.01846392603310793		
68	BDPN(p)		0.4008720603961857	0.37978505721123057	0.4227977767416017	0.1117134436112468	0.09873921193805382	0.12601696028371098	47.731384519782296	36.96990744360579	60.95180872975082	3.588395876428141	3.399636113025483	3.7846633589857066	8.95147412588868	7.9354397832532095	10.127688689954011	0.8807411117846224	0.8807411117846224	0.8807411117846224	0.1443089714495702	0.11781474622250065	0.17355622340197752	0.020950576021643567	0.01640640402377257	0.027049026333793462
69	BD(p)		0.5741628812234024	0.5489750592946396	0.6008504302797664	0.3657638457915732	0.3358418115664833	0.3962702616898341				1.5697639004774224	1.5009002820018122	1.6427277796673068	2.734004499093767	2.5235302688010264	2.977592323408605	0.13798650226567902	0.13798650226567902	0.13798650226567902						
69	BDPN(p)		0.42181930073900825	0.4045591341071349	0.4399314694642947	0.05868388500795226	0.0460655351624627	0.07298816027433723	32.99619558533984	29.75638718092605	36.457807371397095	7.187992081332848	6.893871018462956	7.496631646058872	17.040453266931625	13.700852251123285	21.708203247248225	0.13798650226567902	0.13798650226567902	0.13798650226567902	0.7278267228386114	0.6851806257972864	0.7687590320992108	0.030306524199544337	0.02742896712939869	0.033606230283258424
69	real	812.0	0.4108729203044178			0.08955656322422104			32.09552211220427			4.5878593987101			11.166127461773174			0.13798650226567902			0.7884713313842606			0.031156994315407995		
70	BDPN(p)		0.4152203929056641	0.3941857635784233	0.4371457945274475	0.056539563163479974	0.042654672372609975	0.07370473029286596	7.458361557709585	6.385091382350748	8.673728452869447	7.343891068013472	6.971857253984513	7.731679731296698	17.686730212410268	13.567650217652204	23.444090515207762	0.16016660224258006	0.16016660224258006	0.16016660224258006	0.5094545774667187	0.4547280115279111	0.5650241761130671	0.1340777049037421	0.11529067406637332	0.15661482978366364
70	real	526.0	0.38601415778119824			0.08062075529443449			7.362988851701281			4.78802457718783			12.403753801957164			0.16016660224258006			0.5274678655428192			0.1358144118022047		
70	BD(p)		0.4844474514898756	0.4608416188975966	0.5092309715840427	0.23775413759936806	0.20908469124944454	0.2682644600438993				2.0375984047276714	1.9383116674677865	2.1418385258225525	4.206025645219552	3.7276648566729937	4.782750922720443	0.16016660224258006	0.16016660224258006	0.16016660224258006						
71	BD(p)		0.12080077830700076	0.11144134250176632	0.1303363694250665	0.10749037289001827	0.09833885646978233	0.11702609094600193				1.1238288142381028	1.0367564974008472	1.2125399319102157	9.303158721229645	8.545102992984866	10.168920362697943	0.7040170000710573	0.7040170000710573	0.7040170000710573						
71	BDPN(p)		0.10680368793506896	0.0985377748151417	0.11538584007931853	0.05524913881170791	0.04846799646024442	0.06287811182548039	9.514332891486593	8.373940691847942	10.765087208989012	1.9331285560678475	1.7835169368153199	2.0884640477847047	18.099829635499926	15.903785450420687	20.632171185789453	0.7040170000710573	0.7040170000710573	0.7040170000710573	0.8189095375340997	0.7693271241287147	0.8627673839125598	0.10510458393722992	0.09289288424574813	0.11941808961860732
71	real	580.0	0.10996240145815478			0.05806439166361091			9.478109128756213			1.8938009734986767			17.222259139359974			0.7040170000710573			0.8998847795171852			0.1055062762430155		
72	real	690.0	0.41908446617966644			0.0906523393720197			43.49111834226854			4.6229856734289525			11.0311549258116			0.3973939424395677			0.4739106693501928			0.022993200407728096		
72	BD(p)		0.4451541923868321	0.423466975961694	0.4670789374254132	0.17329033177825987	0.15310005852299505	0.19522104001721352				2.5688345553890795	2.4436849512386933	2.695354856975411	5.7706623891723385	5.122398691820439	6.531676144655449	0.3973939424395677	0.3973939424395677	0.3973939424395677						
72	BDPN(p)		0.42292799144796794	0.4015019606322509	0.4458064949882028	0.06830649703261389	0.05621236084706609	0.0826106346464297	46.79808226009705	40.56856343628896	53.68768423185318	6.191621731766381	5.877946872909441	6.5265606399834315	14.639895814340123	12.104979029394471	17.789681574140705	0.3973939424395677	0.3973939424395677	0.3973939424395677	0.4118046994379318	0.3675678664904977	0.4571830478211382	0.021368396987768497	0.018626245745326724	0.024649628069045467
73	real	533.0	0.3559802640378465			0.10312911525239271			12.113333138027725			3.451792087681925			9.696582750202532			0.6055059445895916			0.8838998188477808			0.08255366120994989		
73	BDPN(p)		0.3399729385660609	0.3161389038231347	0.36571339107561546	0.09186455150737012	0.07482744809973822	0.11093628565822793	12.398214104504838	10.883368972838657	14.046634623850313	3.700806600452248	3.441359029524805	3.981006656809019	10.885591706391466	9.014183177908047	13.364079965243375	0.6055059445895916	0.6055059445895916	0.6055059445895916	0.8323277244023762	0.7778687814971426	0.8807954915673144	0.0806567777883957	0.07119142960421722	0.0918833131997706
73	BD(p)		0.40028653081932336	0.37299155312659615	0.4288853080220015	0.2489696488018075	0.22378523134537395	0.275665881454313				1.607772404169521	1.4981406565886928	1.7226409326841918	4.016553844264169	3.627579861259448	4.468570128547368	0.6055059445895916	0.6055059445895916	0.6055059445895916						
74	BD(p)		0.5382120016804705	0.516702536769436	0.5610878665791136	0.2809498641369916	0.25361101021736354	0.3095520555890903				1.9156869975136823	1.8391271992838236	1.99711029689456	3.559353919147647	3.230474428919424	3.9430464755568986	0.10768758079367027	0.10768758079367027	0.10768758079367027						
74	BDPN(p)		0.4532232290380376	0.4373247561421691	0.4694283445519406	0.09998343214725976	0.0829706547469495	0.11905501144275865	28.446002981419703	24.566586528661993	32.7709419872064	4.532983308379649	4.373972234700434	4.695061316364367	10.001657059813256	8.399478424986734	12.052454003766508	0.10768758079367027	0.10768758079367027	0.10768758079367027	0.36345813155635104	0.32370489841737515	0.4038636212524812	0.035154323813197164	0.030514838431876468	0.04070569587815115
74	real	778.0	0.4547010317341261			0.11403691360420892			29.000511899429466			3.9873144349755867			8.769090362009688			0.10768758079367027			0.4182385255454079			0.03448214995196941		
75	BDPN(p)		0.3269835346534459	0.3104296832843256	0.3441440593043784	0.15590057597897633	0.14137864698094732	0.17115698618747274	39.5793304836223	25.239915825981804	63.20418646347496	2.097385032737407	1.9912029274746743	2.207458549420544	6.414344486673692	5.84258943952585	7.073203919788281	0.5605520039894983	0.5605520039894983	0.5605520039894983	0.056137459858532884	0.037717355842451776	0.07825923814309851	0.025265712880459014	0.015821736754382396	0.039619783476877
75	real	877.0	0.31759667877811465			0.16114612943179696			41.20694920911227			1.9708613535923205			6.205547744311397			0.5605520039894983			0.05593253612858506			0.02426775141555167		
75	BD(p)		0.3319291563602788	0.3151241601388584	0.3490895961139881	0.16735059648889047	0.15240503508559172	0.18356034670237967				1.983435752990064	1.8830178484591047	2.0859776029370907	5.975479149644888	5.4477996907544295	6.561463008347415	0.5605520039894983	0.5605520039894983	0.5605520039894983						
76	real	526.0	0.08959211897892053			0.07495721496233897			15.87183086430539			1.1952434335231723			13.340943903831455			0.2298576943562249			0.10026543467861028			0.06300470365072554		
76	BDPN(p)		0.09083522231387764	0.08451868324493314	0.09751033613819156	0.07500510329229243	0.06864528972811104	0.0816803227940519	18.50755679890565	12.316490037748306	27.459263708819257	1.2110538926917518	1.1268391020750497	1.3000493547511962	13.332426143098994	12.242850735560776	14.567641916303087	0.2298576943562249	0.2298576943562249	0.2298576943562249	0.08625000079171316	0.06064453180667331	0.11748169021777766	0.054031983306361116	0.03641758244518493	0.08119196272112761
76	BD(p)		0.09479204432699087	0.08819729121024934	0.10146713173666813	0.08077400243368472	0.07454165849355311	0.08744918342388759				1.1735464564209872	1.0919019554919187	1.2561855136493008	12.38022098534733	11.435212552560447	13.415317289814356	0.2298576943562249	0.2298576943562249	0.2298576943562249						
77	BD(p)		0.41766455764915295	0.3973196085451903	0.43863662965893735	0.1845276750579793	0.16660505054059851	0.2035976418000169				2.2634250256386808	2.1531708369508857	2.37707774468581	5.419241312642107	4.911648244836973	6.002219000895888	0.5221658559215578	0.5221658559215578	0.5221658559215578						
77	real	851.0	0.4193986469979094			0.13119621625564132			62.99231410598536			3.1967282210387347			7.622171039227672			0.5221658559215578			0.2127950532313718			0.01587495259052537		
77	BDPN(p)		0.4033211098753508	0.3836765244322185	0.4233401931432232	0.12968429402945486	0.11410143029932555	0.1468482055463191	60.61654605744268	50.02436415055436	73.00983559647909	3.1100227895272003	2.9585427233391504	3.264390621173225	7.711033995935336	6.809752943726496	8.764132030393236	0.5221658559215578	0.5221658559215578	0.5221658559215578	0.20757382009950973	0.17595124594372502	0.2416233825171089	0.016497145829661088	0.013696784711678288	0.019990259086359985
78	real	901.0	0.43379848518253034			0.1806869656039313			64.75653326928715			2.400828879563031			5.534433525172014			0.1566952333977727			0.291369668223848			0.015442457301436209		
78	BD(p)		0.4809886865705341	0.4613016505979145	0.5010062143773711	0.2692706008169745	0.2472640280937071	0.2921526212957765				1.7862651366736697	1.713152676891991	1.860604955971073	3.713736282260196	3.4228684841666914	4.044259926158868	0.1566952333977727	0.1566952333977727	0.1566952333977727						
78	BDPN(p)		0.4197495391737605	0.4033921352997855	0.4369084713906859	0.16415379642974331	0.14567153042793646	0.18417766953982306	63.410315926107295	53.64387252159486	74.49421433111145	2.5570504508764764	2.457403630457213	2.661580060243564	6.091848143323282	5.429539870379231	6.864759346334312	0.1566952333977727	0.1566952333977727	0.1566952333977727	0.2566403916989258	0.2245603427365601	0.2907594362205571	0.015770304648305342	0.01342386128881373	0.01864145806396509
79	BDPN(p)		0.33124826434565696	0.3157678769544543	0.3474553573742081	0.1588876136428165	0.14346890137301022	0.1750975010621052	64.14355754286197	47.3953970711601	87.00047259632984	2.084796018714912	1.9873662251880044	2.1867995207939668	6.293756807550941	5.711103778947197	6.970151652587497	0.3705387680563052	0.3705387680563052	0.3705387680563052	0.10254257311421244	0.08011138524547845	0.12883527116750698	0.015590030212025275	0.01149419043549179	0.02109909530874035
79	real	856.0	0.33050621889598186			0.15370607299171704			48.71614186991276			2.1502482788288546			6.505923809880227			0.3705387680563052			0.12523543764747536			0.020527077096341308		
79	BD(p)		0.3430921360342462	0.3270565671576409	0.35929903704446137	0.18449769728031748	0.16801157604028893	0.20166066786275397				1.8596011825175656	1.772686445298696	1.947444560777139	5.420121848353722	4.958825191834529	5.9519708318205495	0.3705387680563052	0.3705387680563052	0.3705387680563052						
80	real	955.0	0.10929711379292277			0.0776242355801031			20.82197051241623			1.4080282140767149			12.882574527488464			0.28907024971957745			0.059539513882876004			0.04802619422612744		
80	BDPN(p)		0.11098677675921984	0.1058311465986314	0.1167081875862266	0.0745012093201602	0.06875892734202269	0.08022282891925847	18.334010920475	11.219674773479149	29.267537487390033	1.4897312107011202	1.4205292446171511	1.5665274248728882	13.422600909773388	12.465279689980335	14.543566030717301	0.28907024971957745	0.28907024971957745	0.28907024971957745	0.04229570931936722	0.02775655924083473	0.05913035505398771	0.054543438658216516	0.03416754827531533	0.08912914324074532
80	BD(p)		0.11305130312089098	0.10779889828709924	0.11877270213458314	0.07828290053014518	0.07284894658661935	0.08400449849023278				1.4441378941670309	1.377042720147908	1.5172240850841514	12.774181759079303	11.904124397769845	13.72703445767707	0.28907024971957745	0.28907024971957745	0.28907024971957745						
81	BD(p)		0.3246362578194651	0.3100979103002313	0.33989009332578496	0.14288199759056536	0.12570097444483286	0.16099922060734792				2.2720585048770423	2.170307775153246	2.378816779282125	6.998782329916356	6.211210192370089	7.955387811562879	0.19350843121488906	0.19350843121488906	0.19350843121488906						
81	BDPN(p)		0.29742084208613595	0.28410506207054786	0.31076831151916784	0.07186536197685638	0.05913174224664	0.08616944868070077	9.678907854873048	7.9369553241100705	11.684957264039474	4.138584067550065	3.9532961952107257	4.324312895261672	13.914909387390844	11.605041175387814	16.91139076925849	0.19350843121488906	0.19350843121488906	0.19350843121488906	0.26908162409442504	0.22808872042379	0.3126226601591126	0.1033174419050316	0.08558011616161458	0.12599289767479255
81	real	606.0	0.29597994849427134			0.08602541004480671			10.859477913614974			3.4406107258321565			11.624472344614755			0.19350843121488906			0.28359302411019616			0.09208545824714638		
82	BD(p)		0.31573595047698744	0.29790910953200184	0.3338500414126382	0.21309947543721336	0.19652920391868106	0.2302619550375877				1.4816364509072404	1.3979814306008294	1.5666394331927964	4.6926441181908745	4.342879829352448	5.088302298389076	0.6349763803672529	0.6349763803672529	0.6349763803672529						
82	real	846.0	0.2769619234595702			0.10313113567311796			25.501774825669973			2.6855315967567956			9.69639278645759			0.6349763803672529			0.7799408172495942			0.03921295701322735		
82	BDPN(p)		0.2763948684937609	0.2602584504179546	0.29355626155670256	0.09775593251222882	0.08566144094820022	0.11110606775940672	25.64581265371658	23.0091740480534	28.48906755456504	2.8273973905285508	2.662328962852433	3.0029508594783234	10.22955818947259	9.0004085300313	11.673863863727247	0.6349763803672529	0.6349763803672529	0.6349763803672529	0.7237502964256779	0.6792226902979263	0.7663747624068722	0.03899272031276733	0.03510118392203264	0.043460925538289855
83	BD(p)		0.21189512526417895	0.1962427526859782	0.2281041533011267	0.14269284858115042	0.12830216864712735	0.1579494603235732				1.4849736855850402	1.3752809242880424	1.5985675215629485	7.008059688648609	6.331139074178621	7.794100524912598	0.7922604318367469	0.7922604318367469	0.7922604318367469						
83	real	553.0	0.21343037096367837			0.1389831642261117			38.30970132553615			1.5356562944303709			7.195116081636335			0.7922604318367469			0.1573471270759267			0.026103048716107545		
83	BDPN(p)		0.20745982474891167	0.1921366346308284	0.2236689246930066	0.12368701987764427	0.11026812707852693	0.13799036526672606	37.147139429954784	26.518410081344673	50.58003723394389	1.6772966553332642	1.5534098470550668	1.8083459761118676	8.084922742816802	7.246882766540023	9.068803710503351	0.7922604318367469	0.7922604318367469	0.7922604318367469	0.1402556720008904	0.10628750143817477	0.1788769992352254	0.02691997325623459	0.019770645786098936	0.03770965140566576
84	BDPN(p)		0.2887434617503386	0.26794950064728684	0.3106716375815418	0.11931877662247925	0.10175583321758	0.13838998712554967	10.526708101410016	8.701541065514881	12.686422417021806	2.4199331398101203	2.2456608107462452	2.603711221113981	8.380910601890998	7.225956304864625	9.827446431122473	0.6337642642081074	0.6337642642081074	0.6337642642081074	0.41359572889831503	0.3554338295219895	0.4731524126820799	0.09499645951672712	0.07882442875765082	0.11492217211536294
84	real	518.0	0.29548536180006724			0.1188532491701406			9.402508839098916			2.4861361709773244			8.413737167323728			0.6337642642081074			0.4390039045495649			0.10635459291903568		
84	BD(p)		0.3155730652843836	0.2940690471497089	0.3384540259838781	0.19321160767694207	0.17293928967976455	0.2151418789524847				1.6333028283271418	1.522005073532667	1.7517271868561202	5.175672476531751	4.648095502693159	5.782376010978892	0.6337642642081074	0.6337642642081074	0.6337642642081074						
85	BDPN(p)		0.3012457639931636	0.28365323875918913	0.31936011748826953	0.1354608770930626	0.118128029655285	0.15453177971000034	69.16201071097665	50.43653198088067	93.63547522078278	2.2238580648359867	2.0939864324392152	2.3575819405692084	7.382205264424745	6.4711608309736315	8.465391346305763	0.42505751318414464	0.42505751318414464	0.42505751318414464	0.12229676524206268	0.09267801741000062	0.15658204784979454	0.01445880462005265	0.010679712978890782	0.01982689849450944
85	BD(p)		0.31173235216505457	0.2935253784053834	0.3307998926704225	0.16344863643782015	0.14504625184134834	0.18347252367025235				1.9072190442142056	1.795826412519799	2.023876735100613	6.11812996298947	5.450407396135559	6.894352575851464	0.42505751318414464	0.42505751318414464	0.42505751318414464						
85	real	548.0	0.30166379686095746			0.13856440234757966			58.34663586634745			2.177065622556172			7.216860774180413			0.42505751318414464			0.14716033709621384			0.017138948718323097		
86	real	664.0	0.26189054209340806			0.10663490157488373			12.916699616373627			2.4559552100256496			9.37779268542538			0.6214752170461335			0.16803034913420375			0.07741915734669308		
86	BDPN(p)		0.27151612269970343	0.2556655686352677	0.2877241841334136	0.1057147356843424	0.0926253937237996	0.12001833816901185	14.887580650794305	10.92515522244262	20.20535338189962	2.568384823005504	2.418447787626023	2.721703670456501	9.45941919569224	8.33206004395581	10.79617543091809	0.6214752170461335	0.6214752170461335	0.6214752170461335	0.1510562562851805	0.11742263672168328	0.18836335439764815	0.06717008112037644	0.04949183422329159	0.09153188029271976
86	BD(p)		0.27761149305543986	0.2614037883842226	0.2947728652336368	0.13105702200373456	0.11683203522207608	0.14631381129478066				2.1182496657640297	1.994580560336353	2.2491955083889903	7.630266465016307	6.834624777733968	8.55929624181574	0.6214752170461335	0.6214752170461335	0.6214752170461335						
87	BD(p)		0.6650250900282687	0.6313050659252706	0.7002875736934192	0.3886218948687922	0.3484969721577649	0.4305672575669903				1.7112393789670464	1.6244711743233455	1.801976633174136	2.5731952141750103	2.3225175217704837	2.8694653896370133	0.17152531299817042	0.17152531299817042	0.17152531299817042						
87	real	585.0	0.5363798662958712			0.13311832172251592			41.06325506322231			4.029346669603834			7.51211393788822			0.17152531299817042			0.6075961502219325			0.02435267244304836		
87	BDPN(p)		0.5338569653398947	0.5088792950895872	0.5595924254895983	0.09895397074737627	0.07752653964638773	0.12374704935756815	39.61844211806485	34.56470346897088	45.182874038534	5.395002962567316	5.142585903790828	5.65507802529931	10.10570866886122	8.081000760757465	12.898808647479653	0.17152531299817042	0.17152531299817042	0.17152531299817042	0.5663045126216533	0.5148725598151944	0.6171282025488032	0.02524077037203917	0.02213227957006796	0.028931247765446942
88	real	684.0	0.5741451838544173			0.14296403806811175			68.29617777498062			4.016011240399349			6.994766051051063			0.4692408152106107			0.10276609661873666			0.014642107839398538		
88	BDPN(p)		0.564830995500957	0.5367495689672178	0.5943782007003316	0.14311929727505793	0.12313377109575292	0.16505066730084786	70.8085897977238	51.555183270083425	95.25221379512058	3.9465746845823335	3.750364759936253	4.153026265619576	6.9871779629976905	6.058745574031758	8.121248875114581	0.4692408152106107	0.4692408152106107	0.4692408152106107	0.10917066963916276	0.08358379394248401	0.13787903673086946	0.014122580365696618	0.010498443659807372	0.01939669178870483
88	BD(p)		0.5698114911008137	0.5420374925119068	0.5984054181554735	0.1816125009254417	0.15903593830976148	0.20640352997338474				3.1375124960959666	2.9845825025802166	3.2949572034203745	5.506228893409354	4.844878380369501	6.287886943215658	0.4692408152106107	0.4692408152106107	0.4692408152106107						
89	real	545.0	0.6490334934191136			0.13483944526135136			47.60858267207553			4.813380032535214			7.416227484930384			0.2988035641436283			0.4037128292347712			0.02100461605605711		
89	BD(p)		0.7085599057581028	0.6712471763528904	0.7466798489990025	0.3274976394828051	0.28859850665379905	0.369445567056832				2.1635572912131016	2.04962447183725	2.2799549034252085	3.0534571228642515	2.706758692400739	3.465021394582591	0.2988035641436283	0.2988035641436283	0.2988035641436283						
89	BDPN(p)		0.6447902351439262	0.6108403594625083	0.6800534328151484	0.13721436330196846	0.11114208282620104	0.16677421051832436	48.40265676400998	40.64492051753231	57.20136654743264	4.699145334551695	4.451723163399653	4.956138821404221	7.287866779655527	5.996130917916262	8.997491990174007	0.2988035641436283	0.2988035641436283	0.2988035641436283	0.384024018152825	0.33527096897326714	0.4345532979137261	0.02066002295856525	0.017482099823100866	0.024603320347708558
90	BDPN(p)		0.2991026466259459	0.2868757802604285	0.31149670453457035	0.06673976792689727	0.056467929188319575	0.07818309594774163	8.833828081629328	7.447768450411737	10.422650358416504	4.4816255122967315	4.298423401391731	4.667332749430073	14.983570231999304	12.790488632842198	17.709167210028497	0.2638365164768421	0.2638365164768421	0.2638365164768421	0.2942231795156097	0.2580199367236499	0.3321311142095955	0.1132012068561287	0.0959448859562366	0.1342684062559325
90	real	886.0	0.2888051878155017			0.07650597672847394			8.812412699993303			3.7749362881869377			13.070874234428546			0.2638365164768421			0.32319565904042724			0.1134763014447519		
90	BD(p)		0.32184953312794634	0.30931634824013593	0.33519667640276496	0.13539116026863335	0.12174205805385027	0.14969433822864384				2.3771827679839346	2.284612581991415	2.4757648559750285	7.38600657543574	6.680279373509738	8.214088179433185	0.2638365164768421	0.2638365164768421	0.2638365164768421						
91	real	604.0	0.4786065147808589			0.15827735028353027			55.16386405722521			3.023847151367563			6.318023382427423			0.19789442687819286			0.8778903629420992			0.018127809157143748		
91	BD(p)		0.6758807717666006	0.6402913560679712	0.7130489318712578	0.4519502051268288	0.4123159097543536	0.4938929104633751				1.4954761920661837	1.4167298715757612	1.5777156947437558	2.2126331366956107	2.0247304199240084	2.425324796697203	0.19789442687819286	0.19789442687819286	0.19789442687819286						
91	BDPN(p)		0.4855814706779502	0.4600273696851677	0.511318173883337	0.1183330509163256	0.09449977494894696	0.14503277194234027	53.714440546806344	47.613322818680935	60.339513461419706	4.1035151795529154	3.8875645149253972	4.3210089651528945	8.450724394041941	6.894993363276291	10.582035783050754	0.19789442687819286	0.19789442687819286	0.19789442687819286	0.7576656747544034	0.7073519385402437	0.8049965976539339	0.0186169676128081	0.01657288802368927	0.02100252494051209
92	BD(p)		0.2321226133518043	0.22128874085093847	0.243564048716184	0.1213903564148804	0.1110443101604766	0.13283305900937334				1.9121997842931613	1.822951570342471	2.0064530322635017	8.237886678429891	7.528246412886081	9.005414132023889	0.4928267571628458	0.4928267571628458	0.4928267571628458						
92	BDPN(p)		0.22113158902425506	0.21081292078874309	0.2316196867420368	0.08646884827736	0.07712069299702375	0.09600476681022478	15.846776138833851	12.859251572619385	19.472357467125754	2.557355549769172	2.4380216111186472	2.678648916417699	11.564858557990398	10.416149460335934	12.96668846114482	0.4928267571628458	0.4928267571628458	0.4928267571628458	0.2288934358714353	0.19581118146814194	0.2635329885568982	0.06310431795331646	0.05135485016070868	0.07776502344267483
92	real	975.0	0.22480477057349063			0.08119978606955798			15.739858340507146			2.7685389513331558			12.31530338199872			0.4928267571628458			0.23184125696886246			0.06353297331949047		
93	real	649.0	0.4056863486806883			0.08810464931403517			37.84822761629201			4.604596373054992			11.350138815440458			0.5983009993527243			0.5961329766455207			0.026421316478490626		
93	BD(p)		0.421990219288466	0.3981450701490803	0.4467752880429469	0.1952506072171358	0.17324565561831964	0.2190878099900579				2.1612748113975178	2.0391489472107405	2.288214589499809	5.121622996480171	4.564379917099814	5.772150513275303	0.5983009993527243	0.5983009993527243	0.5983009993527243						
93	BDPN(p)		0.4001230148755015	0.3759573635842114	0.4249086258389541	0.07176544376618849	0.05849692306002815	0.08702313777492009	38.94893557389293	33.994864667155085	44.426761593978156	5.575427307035133	5.238696284092924	5.920797023471415	13.93428295737982	11.49119677328158	17.09491623984776	0.5983009993527243	0.5983009993527243	0.5983009993527243	0.552596636330863	0.502409637132845	0.6032790486215074	0.025674642586902673	0.02250895550612326	0.029416207706400226
94	BD(p)		0.28374624870822523	0.2671790856979777	0.30090751557636186	0.13449743066840558	0.11781025183485487	0.15261480561196458				2.1096778376962653	1.9864995514798327	2.2372733373489435	7.435086269160287	6.552444213981312	8.488225637627776	0.4087278698583624	0.4087278698583624	0.4087278698583624						
94	real	513.0	0.2619336619588673			0.06080637663555888			16.324477564214867			4.307667656778145			16.44564362046219			0.4087278698583624			0.4564142964184351			0.0612577031066596		
94	BDPN(p)		0.26055946782934924	0.24484395317561916	0.27676770689742525	0.05619760782489576	0.044985593735463805	0.06859467721337906	16.25599802810145	13.676469532431051	19.18682252616459	4.636486817040644	4.356839421680015	4.9249019239359155	17.79435172962996	14.578390636481554	22.229338705196707	0.4087278698583624	0.4087278698583624	0.4087278698583624	0.4540375923077268	0.3999432697866889	0.5094868993389733	0.06151575549353034	0.052119104069281136	0.07311828521452098
95	real	685.0	0.3214637668087279			0.15931462137615926			35.22336267497533			2.017791989410167			6.276887779426664			0.8146306827816988			0.1264507327811353			0.028390247950700533		
95	BDPN(p)		0.31784087291561064	0.2974194885284717	0.3388150393096496	0.15867846276068714	0.14143238089623705	0.1767953995484904	29.102810910949803	20.27848250484637	41.232003118881046	2.0030498618767574	1.8743532257243285	2.1352301592474943	6.302052481489955	5.656255776755807	7.070516621887728	0.8146306827816988	0.8146306827816988	0.8146306827816988	0.09388207295448008	0.06674428624107567	0.12485290053904376	0.03436094207737695	0.02425300553836245	0.04931335467340859
95	BD(p)		0.3207118752405907	0.3007298830380538	0.3416859813986037	0.17621432396735714	0.15841911918942245	0.1952844492739831				1.8200102467266002	1.7066142880289492	1.9390363604147156	5.6749075641844255	5.1207354385755774	6.312369397814259	0.8146306827816988	0.8146306827816988	0.8146306827816988						
96	BDPN(p)		0.17344473963237747	0.16603500472629873	0.18107281088527946	0.09002093547983625	0.08237069883703782	0.09860323167160552	37.095969674700996	25.469830192304173	51.437805279744	1.92671558796706	1.8444043470697864	2.0114522240866717	11.108527085057784	10.141655431035602	12.14023935839612	0.24798519314815706	0.24798519314815706	0.24798519314815706	0.0703126760583849	0.052734507043788674	0.09119432493597976	0.02695710635869933	0.01944095387743528	0.03926213847716011
96	BD(p)		0.179374376699189	0.17170985270039574	0.1870024027125504	0.10036553898870952	0.0918263129818673	0.1089477463920347				1.7872108146538972	1.7108447225069154	1.8632132562311745	9.963579233231574	9.178712117657088	10.890124709651225	0.24798519314815706	0.24798519314815706	0.24798519314815706						
96	real	922.0	0.17008359620515598			0.08736737037001485			32.092792974827596			1.94676336811815			11.445920779861398			0.24798519314815706			0.08042007385786669			0.031159643873450438		
97	BDPN(p)		0.25781969492046525	0.2452796707544269	0.2711676930858544	0.11452365603443397	0.10210700615566776	0.12787356740835015	50.12866330801204	35.74877942448808	69.90896318314415	2.2512352805340607	2.1417380412713887	2.3677876036748433	8.731820434542612	7.820224462860335	9.79364724958682	0.3620289630388917	0.3620289630388917	0.3620289630388917	0.07934720088970451	0.05827060065337675	0.1036222258662455	0.01994866677085664	0.014304317421791078	0.027972983024841275
97	BD(p)		0.2641660239254495	0.2513161204134646	0.2775139373582051	0.13032323625288625	0.11769401396256532	0.1436729366796483				2.0270063230539144	1.9284060743074032	2.1294279158300062	7.673228725378995	6.960253079741308	8.496608844678098	0.3620289630388917	0.3620289630388917	0.3620289630388917						
97	real	751.0	0.25002595824482066			0.12174792910780316			56.736045429394956			2.0536362308342198			8.213692071218214			0.3620289630388917			0.11404555512098953			0.017625479400823728		
98	BD(p)		0.6431048557011597	0.6130061905901678	0.6745558688273059	0.2975258366785561	0.2598809550689738	0.3375682407721645				2.161509275565751	2.0603460776162894	2.2672177863870333	3.3610526439100132	2.9623639881304227	3.847915672522424	0.1261796422757394	0.1261796422757394	0.1261796422757394						
98	real	502.0	0.5575748753718205			0.1541626628125054			16.64822722601515			3.616795825912466			6.486654951051363			0.1261796422757394			0.31512364156579914			0.06006645551049197		
98	BDPN(p)		0.5693579447265359	0.5438262401782735	0.5950924907541889	0.12575915008871	0.10041744772694078	0.15436578158275274	17.903228344509515	14.597369466560691	21.799812234020557	4.527367943604208	4.324347292381196	4.7320015309773735	7.951707683254889	6.478119630832289	9.958428765479491	0.1261796422757394	0.1261796422757394	0.1261796422757394	0.3055907253050544	0.2590358882468625	0.35509451148936205	0.05585584793742944	0.04587195473360135	0.06850549356106772
99	BDPN(p)		0.3910920290206301	0.3720445666661071	0.4111113572022693	0.11112344155116584	0.09047529626032223	0.13400908173118406	46.85577962418961	41.81826166105422	52.29351733599059	3.5194376952459225	3.3480295558953004	3.6995916564820983	8.999001345180249	7.462180824475413	11.052740818031983	0.1680078173886136	0.1680078173886136	0.1680078173886136	0.7644081527763401	0.7166326432278189	0.8095019047839938	0.02134208432813576	0.01912282919458084	0.023912997821507017
99	real	654.0	0.38189862606165675			0.13083104035134088			50.02381334919225			2.919021548984745			7.643446060770785			0.1680078173886136			0.8668067011519185			0.01999047919476829		
99	BD(p)		0.5725012623057733	0.5429216071278377	0.6039544974154304	0.4071741312761328	0.3738551595698876	0.44149242745235096				1.4060354485474928	1.3333892441208282	1.4832830747929986	2.4559517002366515	2.2650445122480094	2.6748326842686314	0.1680078173886136	0.1680078173886136	0.1680078173886136						
