	type	sampled_tips	lambda	lambda_min	lambda_max	psi	psi_min	psi_max	phi	phi_min	phi_max	R_naught	R_naught_min	R_naught_max	infectious_time	infectious_time_min	infectious_time_max	p	p_min	p_max	upsilon	upsilon_min	upsilon_max	partner_removal_time	partner_removal_time_min	partner_removal_time_max
0	real	527.0	0.7761877986498075			0.1957325409075551			64.30877242359675			3.965553172971901			5.109012509433994			0.2987834524384259			0.4834119112256407			0.015549978056074215		
0	BD(p)		0.9808431938343914	0.9253442629336152	1.0389602674324676	0.5732769215918425	0.5134784541989449	0.6361833429892185				1.7109413564230742	1.614131370166049	1.8123183199971529	1.7443576783507302	1.5718739118527143	1.947501383597596	0.2987834524384259	0.2987834524384259	0.2987834524384259						
0	BDPN(p)		0.7910175540052088	0.7431844599150497	0.8405693910558296	0.27816040903640593	0.2353954240483667	0.32583086113482146	55.86473665740881	47.74294584210439	65.00236325991312	2.8437460124013536	2.6717837469737864	3.0218872411343587	3.5950479202420174	3.0690769944785017	4.248170940631922	0.2987834524384259	0.2987834524384259	0.2987834524384259	0.5012296539751597	0.4434707680678659	0.5596793038999457	0.017900379735655298	0.015384056053492731	0.020945502678180003
1	real	547.0	0.09150178505549886			0.05918472743747275			28.711339782654175			1.5460371115532854			16.896250828500918			0.412557149301818			0.5614393500732452			0.03482944396081946		
1	BD(p)		0.11581849047825896	0.10774531536650638	0.12440056524783755	0.10176171556090877	0.09388970653271277	0.11034391098075427				1.1381342171745976	1.0588001074138356	1.2224692219676514	9.826878354870667	9.06257528042862	10.650794820107178	0.412557149301818	0.412557149301818	0.412557149301818						
1	BDPN(p)		0.09450774834266563	0.08720245550339488	0.10213642183701728	0.06483333312374256	0.057851562313333216	0.0724622330159154	31.674449196120047	27.13337667648589	36.83195024816098	1.4577030639823148	1.3450250249660622	1.5753689794426744	15.424164574284255	13.80029235064234	17.285617881568033	0.412557149301818	0.412557149301818	0.412557149301818	0.5475132112851789	0.4897676772824452	0.6058415863929488	0.03157118830412037	0.02715034075747673	0.036854977982398035
2	real	597.0	0.21635408795492728			0.0801882474338148			8.884141165980946			2.698077272900871			12.470655389062754			0.8175468342415309			0.03657238462090008			0.11256012047953368		
2	BD(p)		0.2203378727292586	0.20577246711833125	0.2355932997026361	0.08277913981627763	0.07191784780942825	0.09422228428107768				2.661756007833408	2.4858009828928944	2.8460467241568184	12.080338140978856	10.61320055685411	13.904754250291992	0.8175468342415309	0.8175468342415309	0.8175468342415309						
2	BDPN(p)		0.22003698114859524	0.20549155661919632	0.23529241271321394	0.08057023831326493	0.07000231603728442	0.09201340805693656	36.70669232283236	7.429959701081061	117.31901526119314	2.7309957839899903	2.550464798431217	2.9203390437840606	12.411530869648207	10.867981320518144	14.285241640682043	0.8175468342415309	0.8175468342415309	0.8175468342415309	0.01876159187093197	0.005862997459666239	0.036968163896764286	0.027242988586524814	0.008523767419745644	0.13459023201088152
3	real	769.0	0.4473149041032432			0.1468825974345976			63.39173902070609			3.0453907536760374			6.808158471225768			0.8773057189071051			0.3665120690933048			0.01577492612520636		
3	BD(p)		0.4703926193783257	0.4410555806671803	0.5008958422598144	0.315092784270247	0.2881004356220226	0.3436939988855652				1.4928701730436391	1.3997641415009308	1.5896772863900588	3.1736683603085165	2.9095649130986296	3.471011759634977	0.8773057189071051	0.8773057189071051	0.8773057189071051						
3	BDPN(p)		0.4512663814154341	0.4222453060507675	0.4817701879833841	0.2219409298732108	0.19863856617564565	0.2467309589562943	62.81035947113335	53.18807600723292	73.91102727981797	2.0332724643139555	1.902512106676247	2.170713568960025	4.5057033895067224	4.052997662839463	5.034269121313294	0.8773057189071051	0.8773057189071051	0.8773057189071051	0.3825927211276012	0.337010385212008	0.4290188544021858	0.015920940564901308	0.01352978082978233	0.018801206493425558
4	BD(p)		0.5165584366438758	0.4818186591747085	0.5527793407837832	0.4201568827631905	0.3849542539373757	0.457334554082744				1.2294418057528749	1.146758934438953	1.3156498523798827	2.3800633549626307	2.1865830846865624	2.5977112599012346	0.4566571813926974	0.4566571813926974	0.4566571813926974						
4	BDPN(p)		0.4094622425327251	0.3799444632871962	0.4409206086845314	0.214674785449448	0.1888001043989289	0.24232540346018056	61.345072025196416	53.32511339006636	70.22561928549686	1.9073606696541736	1.7698606871400195	2.0539003114008483	4.658208917765434	4.126682492718194	5.296607240677316	0.4566571813926974	0.4566571813926974	0.4566571813926974	0.7286301228078409	0.6688596830462603	0.7853421869866709	0.016301227906118806	0.014239817465113082	0.018752890269264463
4	real	543.0	0.41872635048364015			0.13024883603502982			54.0676844321516			3.214818367904844			7.677611796323882			0.4566571813926974			0.7442333920511603			0.018495336179134486		
5	BDPN(p)		0.5169324007701456	0.4811597440761218	0.5541064726889859	0.2537165944517992	0.22311419434240165	0.2861332944676194	24.662571906908354	21.24120026723533	28.54236606469412	2.037440246614818	1.896445698066202	2.183958340944287	3.94140557562142	3.494874659240909	4.482009775072188	0.6349737110422649	0.6349737110422649	0.6349737110422649	0.629181230430995	0.5695810552827465	0.6871216631761521	0.040547271540641104	0.03503563782110425	0.04707831890001552
5	real	626.0	0.49377051921884435			0.10407903377970058			24.595491753767217			4.744188154782319			9.608083046933881			0.6349737110422649			0.5851395501142435			0.04065785754606159		
5	BD(p)		0.5975828263334199	0.5585485984385574	0.6385663162649724	0.4360039449027791	0.3977711763078082	0.4769940608603913				1.3705904116685683	1.2810631760753992	1.4645883912985262	2.293557229678236	2.096462161806003	2.5140082026108588	0.6349737110422649	0.6349737110422649	0.6349737110422649						
6	BDPN(p)		0.5463524819041344	0.5064096731709216	0.5882912259635028	0.2358840536723597	0.2037709994593418	0.2711616799865364	44.689576562100285	36.67596340661625	54.29294576185168	2.3161908293428426	2.1468584471348744	2.493984721750766	4.239370930045948	3.687836718114637	4.907469672589642	0.6875161265545106	0.6875161265545106	0.6875161265545106	0.3965817002372163	0.34081239864135776	0.4543307172067015	0.02237658257089117	0.018418599064164952	0.027265814095004868
6	real	516.0	0.5708232168623668			0.1572889051116076			37.12582248496221			3.629138472655318			6.357727516066244			0.6875161265545106			0.42248966607265376			0.026935430195655582		
6	BD(p)		0.5881623919996897	0.5468775363122114	0.6320056084474894	0.3612770856816732	0.3225754456182122	0.4032235958137285				1.62800912460285	1.5137343551151028	1.749365330643636	2.767958554894664	2.4800135963817853	3.1000499684144005	0.6875161265545106	0.6875161265545106	0.6875161265545106						
7	BDPN(p)		0.16285386791517065	0.15210575949892885	0.17429609599743176	0.1394855180292415	0.12920729598800873	0.15092801354104385	66.82013811550222	36.840433263997284	124.60297990976039	1.1675324450602125	1.0904770735198592	1.249564101420856	7.169203040779916	6.625675224487447	7.739501027038027	0.7509665463618337	0.7509665463618337	0.7509665463618337	0.056797220171206725	0.037273175737354405	0.0798246317881206	0.014965548234447613	0.008025490246896319	0.02714408901855291
7	BD(p)		0.16439521756073738	0.15354475389459465	0.17583742800365165	0.14583078700113264	0.13564737229011548	0.1572732098970944				1.1273011751589914	1.0528966965898778	1.2057634167625109	6.857262588812835	6.35836199092211	7.3720558173530435	0.7509665463618337	0.7509665463618337	0.7509665463618337						
7	real	780.0	0.16302778111167676			0.1334918033008829			60.67411960254851			1.2212568643201371			7.491096646181767			0.7509665463618337			0.06373854291469172			0.016481491722510247		
8	BD(p)		0.24478660358303744	0.2333591065400825	0.2562278940195504	0.17895537430193748	0.16713802522719942	0.19135092176834345				1.3678639411523237	1.3040072557214957	1.4317977038635172	5.5879852946622215	5.226000432914754	5.983078947119592	0.3015606451401779	0.3015606451401779	0.3015606451401779						
8	BDPN(p)		0.22955681243395465	0.218843211851113	0.24099827716159555	0.15374906341407146	0.1424122188638083	0.16519139569255106	26.21971219887529	20.529976406449688	33.040539890530745	1.4930615337520494	1.4233791542634142	1.5674780178175631	6.504104661157097	6.05358406112851	7.021869387178921	0.3015606451401779	0.3015606451401779	0.3015606451401779	0.13314217626014638	0.10869810483738514	0.1602314832520168	0.03813924395565622	0.030265849266179663	0.04870926201775081
8	real	991.0	0.22945167002882322			0.15375629151133183			23.301068157351242			1.4923075197343234			6.503798902604906			0.3015606451401779			0.12561956611843966			0.04291648748662668		
9	BD(p)		0.560841986817659	0.5269453040220584	0.5961081466825497	0.304944709513486	0.2752626089750596	0.3364063649629585				1.8391595896595017	1.7280027742168602	1.95480730796606	3.2792829939414823	2.9725953612979628	3.632894433877163	0.7304489928830195	0.7304489928830195	0.7304489928830195						
9	BDPN(p)		0.5186422613124785	0.4862896199804486	0.5529567305341588	0.2025883585213142	0.17738981370614992	0.23023931080098006	17.84015994184339	14.747922744892993	21.52813154214368	2.5600792913177797	2.4003828429721263	2.7294595532051886	4.936117787314964	4.343306955363522	5.637302272928263	0.7304489928830195	0.7304489928830195	0.7304489928830195	0.3900513152049108	0.3390094438792681	0.44306443331698403	0.05605330912165981	0.04645084957988065	0.0678061593688702
9	real	705.0	0.532209469355236			0.1390944849767228			14.369769691961723			3.826244221288143			7.189357652586643			0.7304489928830195			0.3928137592009098			0.0695905377355761		
10	BDPN(p)		0.11263418427271348	0.10304062156177718	0.12216985327348907	0.0886510512513008	0.07974899135859055	0.0981869489730563	10.08698375427467	8.716659057191208	11.643208078689305	1.2705341074120742	1.1623169732041416	1.3780981900279097	11.28018208340566	10.184652954991119	12.539343544841964	0.4658447852104491	0.4658447852104491	0.4658447852104491	0.7221165671575491	0.6614700585876767	0.7791043805334423	0.0991376633848765	0.08588698177011117	0.1147228534968342
10	real	569.0	0.10952934411184516			0.06846227353923433			10.404639819205869			1.5998496463760603			14.606584740819635			0.4658447852104491			0.8636938652011614			0.09611096754681554		
10	BD(p)		0.14291416598320708	0.1323814739766409	0.15435662225724747	0.15011024415983024	0.13904346822609287	0.16155261808129145				0.95206137850951	0.8818950013543874	1.0282883964461207	6.661770524703481	6.1899337310449	7.191995515919821	0.4658447852104491	0.4658447852104491	0.4658447852104491						
11	real	540.0	0.2404657828822794			0.1202784815366755			50.429565880956744			1.9992419243250608			8.31403911343093			0.4438036290312925			0.3975764689655562			0.01982963728778837		
11	BD(p)		0.2981551117808245	0.2784221551391292	0.3191296911985689	0.22529864413092995	0.20514681282229172	0.246274752138198				1.3233773018516468	1.2357915255687335	1.4164740867819428	4.438553120714124	4.06050555860004	4.8745578166317864	0.4438036290312925	0.4438036290312925	0.4438036290312925						
11	BDPN(p)		0.25723273180552103	0.2397168224047529	0.27630131180865275	0.14934604029731044	0.13196173869996936	0.1674631461868543	49.27594991209342	40.75117906701111	59.16238317681436	1.7223940540601896	1.6051099977444128	1.8500745735113315	6.695858812254087	5.9714631115565355	7.577954108907419	0.4438036290312925	0.4438036290312925	0.4438036290312925	0.4010655845321696	0.34858239280628023	0.4548760984218575	0.02029387564895177	0.016902632150759916	0.02453916728042649
12	real	769.0	0.5416450273625862			0.14267804025975414			70.63221302860558			3.796274650089728			7.008787043748558			0.5901426952579006			0.24922139151595565			0.01415784607506219		
12	BD(p)		0.6101712029884141	0.578046940330822	0.6435294374014613	0.2935272815953398	0.26438882190517904	0.3240359019785919				2.078754655008877	1.9693124849898092	2.1924007673284645	3.4068383509871216	3.0860777892014783	3.7823081656555138	0.5901426952579006	0.5901426952579006	0.5901426952579006						
12	BDPN(p)		0.5731855355976785	0.5418941391196804	0.6055918768564805	0.1949879484672332	0.17073945490882902	0.22073213422524346	61.263528744312	50.88172875294345	73.31410455380757	2.939594678047498	2.7791160601432927	3.1057913148834815	5.128522084881801	4.530377978312673	5.856877079372059	0.5901426952579006	0.5901426952579006	0.5901426952579006	0.2882390757898994	0.2493943565916512	0.329248738415286	0.016322925246006904	0.01363994017366833	0.019653420284823774
13	BD(p)		0.3969776841611437	0.3791896241304673	0.4160435987408373	0.09109337194457273	0.07983170045150115	0.10349000870353414				4.357920622399304	4.1626477979231185	4.5672214109494815	10.977747103361883	9.662768537054443	12.526352242835085	0.5655140458681811	0.5655140458681811	0.5655140458681811						
13	BDPN(p)		0.3986837222468703	0.38004229776654813	0.4177496042864698	0.07361978118320127	0.06340762445431361	0.08506303046854237	24.81939766959273	18.222466404268246	33.27000896736551	5.415442912751319	5.1622307436750035	5.674420618650151	13.58330578994144	11.755988406383144	15.770974052505608	0.5655140458681811	0.5655140458681811	0.5655140458681811	0.08776113614694521	0.06650648598635693	0.11181430931494568	0.04029106641959894	0.03005710040477891	0.054877313411634016
13	real	870.0	0.38310088355527083			0.07729190673355979			27.17874357008279			4.9565459017060345			12.937965205686982			0.5655140458681811			0.05335217580283342			0.03679345947031774		
14	BDPN(p)		0.4484705421830801	0.4239994969074429	0.4732549543438612	0.1326729235289589	0.11158468187002407	0.15651161827012386	40.58737283155956	31.90108643422901	50.92463383049552	3.38027180116515	3.195825384935422	3.5670801679482285	7.537332964414003	6.389302027879472	8.961803566952128	0.29932704471897004	0.29932704471897004	0.29932704471897004	0.2256658482603786	0.18423500893132472	0.27103698996387204	0.024638204698541832	0.019636861863917096	0.0313468947855966
14	real	512.0	0.4502166234431202			0.13326113441394777			36.98054932463765			3.3784540813273933			7.504063389507924			0.29932704471897004			0.151785148453924			0.027041242444004673		
14	BD(p)		0.4831625990142482	0.4577360557068562	0.509852578040306	0.20651555418672032	0.1800233147798384	0.2341663978536825				2.339594230163402	2.2164725437242163	2.4688337885645386	4.8422502795884	4.270467535759951	5.554836056779431	0.29932704471897004	0.29932704471897004	0.29932704471897004						
15	BDPN(p)		0.1823110552980012	0.17239560696139172	0.19279956025938852	0.10858140746193252	0.09849565051237633	0.11907068587810635	29.976948117245907	25.33711630417611	35.19219819312499	1.679026451760791	1.5877083470467244	1.7756222245229416	9.2096798464377	8.398372719744875	10.152732580555387	0.4699233264186504	0.4699233264186504	0.4699233264186504	0.3096597704682659	0.2709522991597327	0.350109393292391	0.033358966232613065	0.028415388959572182	0.039467790572330366
15	real	856.0	0.1839126599933826			0.0953176999954221			31.752528833524575			1.929470182371328			10.491230905152221			0.4699233264186504			0.3204591017354189			0.03149355458404283		
15	BD(p)		0.2030946989298404	0.1920426450821148	0.2145364664923374	0.14839384483294046	0.13745445791174568	0.1598362383970331				1.3686194272982235	1.2941415818042417	1.445723484918524	6.738823979699325	6.2564034916537565	7.275136908561105	0.4699233264186504	0.4699233264186504	0.4699233264186504						
16	real	654.0	0.8484860681558388			0.17491345628377797			82.36604915954129			4.850890755821913			5.717113029758038			0.8645235423799118			0.0813111534626858			0.01214092469171395		
16	BD(p)		0.8023976080374671	0.7530928723867245	0.8529017898295108	0.2454384439349687	0.21392880077147666	0.27976229286534504				3.2692417502861533	3.0683574272751817	3.4750130263028205	4.07434134590977	3.5744631263846527	4.674452417784652	0.8645235423799118	0.8645235423799118	0.8645235423799118						
16	BDPN(p)		0.7969725633353264	0.7480015950832507	0.8474770193348374	0.20926370063696148	0.17997661773488874	0.2416818420346078	87.91703211782671	61.688176832674294	120.93510221743124	3.8084606212615166	3.5744450318257157	4.049804226701851	4.778659638323216	4.137671210966706	5.556277324163473	0.8645235423799118	0.8645235423799118	0.8645235423799118	0.10183494823486168	0.07478504010997655	0.13253394902761545	0.011374360302106156	0.008268897794472306	0.016210561753388232
17	BD(p)		0.20694600956672946	0.19407438396880886	0.22029468696909804	0.1344496195519982	0.12141743014262338	0.1487528109808567				1.5392085917111382	1.4434729128686812	1.6384924531816871	7.437730231830455	6.722562037020545	8.23604978976533	0.3215637424259439	0.3215637424259439	0.3215637424259439						
17	BDPN(p)		0.17093142555863342	0.15964691683013044	0.18237356120058332	0.07804089254693189	0.06720701703251959	0.08948409123666867	27.972810679633497	23.460512362600326	33.146162864373096	2.1902802489840747	2.04568286727529	2.3368974296508505	12.813795016486061	11.1751707614171	14.879398672256617	0.3215637424259439	0.3215637424259439	0.3215637424259439	0.4217024830360049	0.3665187596699652	0.4787415935959302	0.0357489996787517	0.030169404648489263	0.04262481503149753
17	real	501.0	0.15747359893029086			0.06339813934029219			28.45984188531475			2.4838836055589053			15.773333577385571			0.3215637424259439			0.4110630684222627			0.03513722964553781		
18	BD(p)		0.3587480297785742	0.33010023833146185	0.38925465978254825	0.3822478521375956	0.3524628636893459	0.413707074760352				0.9385220290248688	0.8635764373442119	1.0183305350331453	2.616103646908226	2.4171692025795544	2.837178332867945	0.3816229588113719	0.3816229588113719	0.3816229588113719						
18	BDPN(p)		0.2636915781548362	0.2406034511685713	0.28848057200837474	0.2163060392731972	0.19359798044360216	0.2401427400455	56.8634871701643	48.8914941873843	65.90425260584743	1.219067109919157	1.112328865051642	1.3336685974080469	4.623079426538746	4.164190013866459	5.1653431389554925	0.3816229588113719	0.3816229588113719	0.3816229588113719	0.6855365437398246	0.6239453698881998	0.7444984417886076	0.01758597739543294	0.015173527662633319	0.02045345548588357
18	real	504.0	0.21897478800936912			0.18354955809364287			51.890948870958944			1.1930009000493105			5.448119899530472			0.3816229588113719			0.8892228384436468			0.01927118354468279		
19	BD(p)		0.16609601245732195	0.15706732427606215	0.17563117160637304	0.1212936760996151	0.11189573265433267	0.13082926251704122				1.3693707520325458	1.2949341575488829	1.4479829225567546	8.244452902711334	7.6435499272935585	8.936891302988215	0.6515937344361273	0.6515937344361273	0.6515937344361273						
19	real	927.0	0.16252371426395082			0.10881976978292984			47.39089446358853			1.4935127558912122			9.1895066677201			0.6515937344361273			0.08851918197772764			0.021101099933201767		
19	BDPN(p)		0.1635936003441287	0.15470176282530915	0.1731287833580414	0.11378794662685075	0.10497638829662803	0.1233236046244911	49.33758754476586	33.71814909294088	69.63196776562259	1.4377058835643424	1.3595619519581341	1.5215037136208234	8.788277050813994	8.10874773766877	9.525951656617636	0.6515937344361273	0.6515937344361273	0.6515937344361273	0.06858098811388469	0.049828374176494335	0.09041112120496553	0.020268522434192027	0.014361219883458494	0.029657618431059036
20	real	545.0	0.16755511158074365			0.07194252441158576			13.729421671370444			2.329013513928909			13.89998485845401			0.13213619088184433			0.6327495565911542			0.0728362799203167		
20	BD(p)		0.3037814684064015	0.286040366741964	0.3228491605628421	0.2446531828373989	0.22561777792822715	0.2646754437733353				1.241682061452274	1.1691667503548149	1.319619703363572	4.087418722300535	3.778212235119127	4.4322748374825185	0.13213619088184433	0.13213619088184433	0.13213619088184433						
20	BDPN(p)		0.19683347046816824	0.18459387856390772	0.21018228288750024	0.10973869450488036	0.09614635769177032	0.12404223942635716	13.790538025865304	11.888416691731052	15.923237310258573	1.7936560240327497	1.682122057281248	1.9152978248538661	9.112556008724226	8.061769963397765	10.400810015142106	0.13213619088184433	0.13213619088184433	0.13213619088184433	0.5912835455688078	0.5323861611469147	0.650355845623316	0.07251348701003664	0.06280129979321154	0.08411549039120968
21	real	870.0	0.33257287314617484			0.1892817403821864			22.148296763003078			1.7570256511518942			5.283129783046477			0.2011261227366748			0.48857895719779			0.04515019871281562		
21	BD(p)		0.4575665363825043	0.4352732484732023	0.4804442471093632	0.3705976757235255	0.3474978209908052	0.3944306978965553				1.234671899895723	1.1745169411098149	1.2964038324616631	2.698343960327542	2.535299623819501	2.8777158865305807	0.2011261227366748	0.2011261227366748	0.2011261227366748						
21	BDPN(p)		0.34654975080490164	0.32900230252184026	0.3646632834002831	0.2187757261455131	0.1992099382496272	0.2387985053334317	21.472298308776182	18.79231753232065	24.45805437057193	1.584041140717791	1.5038336670998536	1.6668361240302156	4.570891010709642	4.187630900803634	5.019829877899536	0.2011261227366748	0.2011261227366748	0.2011261227366748	0.4617041901693822	0.4166158903481536	0.5069126273231255	0.046571633162868234	0.04088632664105963	0.053213234518845985
22	BD(p)		0.09199673765776692	0.0870203535671078	0.09771825714664904	0.06176016981051444	0.05606390389077871	0.06748186231442559				1.4895803871657236	1.4090044414400704	1.5822213158813705	16.191665325210188	14.818796721118796	17.836788568062566	0.3156462348801501	0.3156462348801501	0.3156462348801501						
22	BDPN(p)		0.08966868032089596	0.08481961186584698	0.095390213131029	0.057735604887533536	0.05241664192932727	0.0634573204201899	6.207816139040239	3.66887071888352	10.16777514345523	1.5530915540863681	1.4691040655254568	1.652190417279684	17.32033468685323	15.758623171895465	19.077910434405318	0.3156462348801501	0.3156462348801501	0.3156462348801501	0.05413230986368673	0.0329868763231841	0.07999587951585155	0.16108724511203149	0.09834993259500606	0.2725634334437141
22	real	665.0	0.08916366897766466			0.06181054494687367			5.101602693779186			1.4425316756922475			16.178469237886556			0.3156462348801501			0.05729272076300008			0.19601683236120765		
23	BDPN(p)		0.5940916913088617	0.5454396385061817	0.6455595096154694	0.32461058552087624	0.2854233661804576	0.3665586342405085	61.02438411400506	52.62361245451175	70.42644303745256	1.8301673383681285	1.6802891305314611	1.9887198335802647	3.0806142639969094	2.7280765110660963	3.5035673966782195	0.7691684250444611	0.7691684250444611	0.7691684250444611	0.7013018994750432	0.6403489023527005	0.7584745827786481	0.016386892133672525	0.014199212069651213	0.01900287633929365
23	real	515.0	0.5582325892268923			0.13897794045758063			57.69948504059495			4.016699250175448			7.1953865247069455			0.7691684250444611			0.7819030260264941			0.017331177207152573		
23	BD(p)		0.6610701935730839	0.6095022097001868	0.7153936942053378	0.5657171228828979	0.515532300439203	0.6190926720477831				1.1685525624613695	1.0773974925739558	1.264578470879027	1.767667902473932	1.615267059602375	1.939742668205385	0.7691684250444611	0.7691684250444611	0.7691684250444611						
24	BDPN(p)		0.2225122138000485	0.20780241835238905	0.23776760759561436	0.09888006990884356	0.08664506117023812	0.112230190147168	20.736588176094386	16.936624583643002	25.19659949859198	2.2503241958180253	2.1015601884581976	2.4046059819214287	10.113261458268473	8.910258449074131	11.54133872714596	0.601864645608676	0.601864645608676	0.601864645608676	0.3115078787468324	0.2658768418210269	0.3599174810224457	0.04822394077116423	0.039687895188232895	0.059043642082364914
24	real	628.0	0.21510874336612			0.07358816728482487			21.250156757514013			2.9231430989922083			13.589141255950494			0.601864645608676			0.2822575081092208			0.047058476387304864		
24	BD(p)		0.2402100450990821	0.2252594172803895	0.2554651688471733	0.14074946331898966	0.12655615845065474	0.1560061047151182				1.706649811904991	1.6004282500876714	1.815034763352497	7.104822827875623	6.410005568859591	7.901630487542871	0.601864645608676	0.601864645608676	0.601864645608676						
25	BDPN(p)		0.1215030869393832	0.11114735290552996	0.13294578824377767	0.10103959202248444	0.09087932095770086	0.1115289495554508	13.784783935622738	11.376155187594913	16.60758374706036	1.2025294689664323	1.1000376256546665	1.3157791473880172	9.897110429518252	8.9662818845327	11.003603344103363	0.7133436607538189	0.7133436607538189	0.7133436607538189	0.4156805838029443	0.3572255017056553	0.4755961489403377	0.07254375583035384	0.06021345520398209	0.08790316091067801
25	BD(p)		0.1303932718113692	0.11927353751507964	0.14183587137567188	0.13632880660017785	0.12522761543375702	0.14872488254080035				0.9564616243856938	0.8748960728812253	1.0403954594251312	7.335206879150482	6.723824439569927	7.985459090123621	0.7133436607538189	0.7133436607538189	0.7133436607538189						
25	real	505.0	0.11803096426988406			0.09496140604744659			11.095377368037948			1.2429361483012475			10.530593865684331			0.7133436607538189			0.4583215899992365			0.09012762403923852		
26	BD(p)		0.2881810121408791	0.2747194021967754	0.3024820044245265	0.08951594883544545	0.07845145523101478	0.10191260515092962				3.2193258954405297	3.0689436437945155	3.37908504975544	11.171193658889443	9.812328892181972	12.746736144731994	0.4148437965193866	0.4148437965193866	0.4148437965193866						
26	BDPN(p)		0.2761873256931614	0.26275044455580004	0.29048848954786965	0.062310970771787724	0.0527311315886959	0.07280073458415948	28.586057495465788	23.02397477479044	34.95519050965373	4.432402870189426	4.216760568826901	4.661915645830266	16.04853828489486	13.7361251326932	18.96412934582979	0.4148437965193866	0.4148437965193866	0.4148437965193866	0.1848597322805252	0.1530869657948099	0.2198852906590964	0.03498208873884117	0.028608054638518576	0.043432987126746085
26	real	717.0	0.27443384395468523			0.06153901266128025			21.774724222334985			4.4595100260254315			16.24985447043401			0.4148437965193866			0.1484912878862531			0.045924806660663474		
27	BD(p)		0.16334477314638618	0.15002742847422168	0.17764755122675688	0.17080743596552064	0.15687791973397405	0.18511010729164346				0.9563094968497691	0.8783424891671949	1.0400457698025336	5.854546052678063	5.402190159311434	6.374383352964849	0.6599776951434753	0.6599776951434753	0.6599776951434753						
27	BDPN(p)		0.1436332316013489	0.13137568826060794	0.15698275432050096	0.10652514615328357	0.0958077484970907	0.11796801886660732	23.871013179958982	20.529590131360603	27.587832848880065	1.3483504767472358	1.23328334205302	1.4736685185544058	9.387454850904945	8.476873729063406	10.437569149538737	0.6599776951434753	0.6599776951434753	0.6599776951434753	0.6594033670316752	0.5975843013724557	0.7179434133231061	0.04189181215146555	0.03624786352294415	0.0487101785082606
27	real	508.0	0.13488320455680927			0.07243478931102565			23.67602588283741			1.8621329038128096			13.80552093147022			0.6599776951434753			0.7422298220909034			0.04223681816148432		
28	BD(p)		0.42089433238248136	0.3905504060189036	0.4533056116723936	0.1931279322564145	0.1691119407243627	0.21887216590836636				2.179355039247576	2.02223677049663	2.3471778855403644	5.177914910165907	4.5688769782570855	5.91324300174587	0.8933722996731404	0.8933722996731404	0.8933722996731404						
28	BDPN(p)		0.4103518610531653	0.3799702776156257	0.4427634821819383	0.1495387670807498	0.12749004384220106	0.17433059141399404	8.356128491198291	6.028686692258532	11.567301895270665	2.744116920741886	2.5409483108179205	2.9608608578593487	6.687229134770166	5.736227886849967	7.8437497538061525	0.8933722996731404	0.8933722996731404	0.8933722996731404	0.21649355449134886	0.16321584381574344	0.274644423493944	0.11967264517932245	0.08645058364119068	0.16587360581934127
28	real	519.0	0.3913566550473548			0.14067435147182997			7.485834084934542			2.782004330943896			7.108616386266049			0.8933722996731404			0.18885489739951847			0.13358564839321366		
29	BDPN(p)		0.3634300768297878	0.3407781970279261	0.3872632698916919	0.1670466826792798	0.14888532676123356	0.18611698284478656	65.00312635472172	54.09670268839297	77.51556306687712	2.175619838722287	2.0400177457112454	2.318293687012124	5.986350545613309	5.372964813393501	6.716578602830981	0.7184644934752505	0.7184644934752505	0.7184644934752505	0.27339712856564485	0.2338826998276415	0.3152619424471165	0.01538387545458976	0.012900635181315043	0.018485415012448814
29	real	725.0	0.3759500434389412			0.14094597227623645			58.236462337804106			2.667334421604657			7.094917178904022			0.7184644934752505			0.2552432974685241			0.017171372708037102		
29	BD(p)		0.3824575432981491	0.359361481106269	0.4062902827099014	0.22264799789803585	0.201868498095095	0.2445776235008041				1.7177677181417992	1.6140341907356497	1.8248099535840725	4.491394530562818	4.088681481512197	4.953719918840066	0.7184644934752505	0.7184644934752505	0.7184644934752505						
30	real	719.0	0.4979600222545125			0.16513245147790384			55.39175914361921			3.0155188625728355			6.055744894781077			0.8257994576131525			0.10521030330164756			0.018053226968423403		
30	BD(p)		0.5054835347590779	0.4759239526442883	0.5359856867508151	0.1953290414079725	0.1733152046859756	0.21916624231087775				2.5878565271986558	2.4365242834026577	2.7440143200791773	5.1195664136361465	4.562746477085388	5.769834226673122	0.8257994576131525	0.8257994576131525	0.8257994576131525						
30	BDPN(p)		0.4994848978356826	0.4693031950370378	0.5299872328912907	0.17058536942344996	0.15004964109482907	0.1934696486279462	54.94994616501106	37.543633262398295	78.38073455102301	2.928064109623575	2.751133913906006	3.106873905321183	5.8621674495288385	5.168769401773507	6.664461125688501	0.8257994576131525	0.8257994576131525	0.8257994576131525	0.10251567935612456	0.0760858557721237	0.13319141297188206	0.01819837997651656	0.012758237157742332	0.026635674629859187
31	real	500.0	0.23432088272796459			0.16683142164565526			10.676621011265452			1.4045368697130378			5.994074678114107			0.7459431396944559			0.5374181171423207			0.09366259221385198		
31	BD(p)		0.2502076041709415	0.2278178584837085	0.2740434966669512	0.2871251117720417	0.26365391119699144	0.3119135245786423				0.8714236195738592	0.793444561772015	0.9544393208091232	3.4828023011582965	3.2060168001720344	3.7928509972030753	0.7459431396944559	0.7459431396944559	0.7459431396944559						
31	BDPN(p)		0.233334287204335	0.21155294777892855	0.25621713020008074	0.2102202636183232	0.18897133059458726	0.2331036356520844	11.089524741270228	8.746478314617548	14.091144112354494	1.1099514537189323	1.0063394657473412	1.2188032009381822	4.756915355294218	4.289937380009535	5.291808005233166	0.7459431396944559	0.7459431396944559	0.7459431396944559	0.4335978358626675	0.3692356571018029	0.4994199623590958	0.09017518995006606	0.07096655828842484	0.11433173032953738
32	real	696.0	0.23554933829525906			0.09433331626220433			22.315792597165842			2.49698990376356			10.600708632149095			0.4093710374718479			0.08426764897229241			0.04481131448259661		
32	BDPN(p)		0.2404324424749388	0.22827376375550834	0.25282722776303224	0.08711721375022136	0.0763525620314437	0.0985603085697051	26.304134609804454	19.076552089459017	35.732596341161226	2.7598729587965947	2.620306067294632	2.902150067470332	11.478787681010509	10.146072130981274	13.097137455429163	0.4093710374718479	0.4093710374718479	0.4093710374718479	0.09480385942906154	0.0703622394200066	0.12309123882190336	0.03801683708032978	0.027985651824803903	0.052420374253718635
32	BD(p)		0.24684621612142146	0.2343618379590055	0.2592409218930493	0.10236034044695967	0.09048217555083156	0.11475683752068078				2.411541570138977	2.2895765775656582	2.5326305164780183	9.76940869513982	8.714077710792493	11.051900486612576	0.4093710374718479	0.4093710374718479	0.4093710374718479						
33	BDPN(p)		0.10069690321145336	0.095244728817077	0.10641837291758884	0.06415327135651706	0.05823265216684359	0.06987495016699131	17.44200837058741	14.214399887944527	21.265952163535573	1.5696300606691351	1.4846433674095325	1.6588144402830711	15.587669636404504	14.311280331651623	17.17249623346845	0.291684716324338	0.291684716324338	0.291684716324338	0.19593604027066186	0.16608640913567824	0.22813000740826234	0.057332847155738526	0.04702352343831027	0.07035119371083101
33	real	938.0	0.10041713120184906			0.06620493514150831			14.954345403864703			1.51676202064415			15.104614147911654			0.291684716324338			0.2249820487154944			0.06687019545112062		
33	BD(p)		0.11101515507089728	0.10585819467694896	0.11673656573552205	0.08084463428278303	0.07523055843477483	0.0865662175845125				1.3731913819114092	1.3094028517300489	1.4439618259289069	12.369404709063838	11.551850455100734	13.292470783225724	0.291684716324338	0.291684716324338	0.291684716324338						
34	BDPN(p)		0.3653937707229548	0.33692550738522403	0.3959001979150104	0.20921650014640392	0.1848161290354972	0.2359137943225017	9.403531746334881	7.945289975861435	11.104110775983477	1.746486393125123	1.6104155606725703	1.892299114257099	4.779737732445709	4.238836490557089	5.410783167133277	0.7054616691758253	0.7054616691758253	0.7054616691758253	0.5619521081556256	0.4955495641255176	0.6269748421012749	0.10634302376761368	0.0900567384614759	0.125860730450128
34	real	529.0	0.3527683397823519			0.12284441627757577			9.099170898412401			2.871667679101072			8.140378132779176			0.7054616691758253			0.6064675373091123			0.10990012289740346		
34	BD(p)		0.4072674218541533	0.3771147616384153	0.4396791429956413	0.3277828131834465	0.2984234198114962	0.35829038817083714				1.24249169106442	1.1505019374745549	1.3413733890604298	3.050800590451768	2.7910321711538297	3.3509434367841022	0.7054616691758253	0.7054616691758253	0.7054616691758253						
35	real	591.0	0.3249067691625081			0.0888325858730304			14.373462263587871			3.6575178575449967			11.257130366882636			0.6508752491283276			0.8052059814781132			0.06957265978519933		
35	BD(p)		0.4187967522474684	0.3886044088233349	0.450254824630563	0.3876923232655588	0.3582372439543151	0.41819806995979497				1.0802296747067748	1.002352601542619	1.1613715248164729	2.5793649757543093	2.3912114183026683	2.7914462186056985	0.6508752491283276	0.6508752491283276	0.6508752491283276						
35	BDPN(p)		0.3572341404657991	0.3300991180475058	0.38583414940724536	0.2254961807864555	0.201818849219134	0.2502861217152003	14.735669759817409	12.796708089763314	16.910275926794018	1.5842137069456592	1.4638789752280068	1.7110451629893886	4.434664908790621	3.9954272859679234	4.954938569262203	0.6508752491283276	0.6508752491283276	0.6508752491283276	0.7679467101734967	0.7087008214003461	0.8223341999765834	0.0678625414588818	0.0591356406204773	0.07814509739422335
36	BD(p)		0.41175661082311177	0.3925023946907784	0.4317755251518516	0.22415058861364406	0.2006151749707988	0.24894056290706296				1.8369642184292176	1.7510656434960918	1.9262743311197768	4.461286522533494	4.017023133242171	4.9846677857024435	0.11235967607571384	0.11235967607571384	0.11235967607571384						
36	BDPN(p)		0.3261912541244478	0.3115830532555761	0.3414450659034071	0.0916952777219684	0.0761070268635051	0.10981342823249247	9.994215720541023	8.328476454623207	11.979775605309081	3.5573397259725916	3.398027259378995	3.7236930230879657	10.90568701947908	9.106354442216675	13.139391212764885	0.11235967607571384	0.11235967607571384	0.11235967607571384	0.3813031174876701	0.331406029847682	0.4326597923055881	0.1000578762718428	0.08347401762323743	0.12006997983945693
36	real	599.0	0.28370419934445007			0.06442106404683101			7.825403367339815			4.403904274822452			15.522873066378539			0.11235967607571384			0.38568295877358333			0.1277889398230397		
37	BD(p)		0.19276226947789066	0.18152619900067046	0.2042041552856588	0.1552449208123326	0.14439957481771548	0.16668723597208285				1.2416655467325128	1.1692891339105898	1.315367705540012	6.441434571691059	5.999259596382546	6.925228147398371	0.5929454533911118	0.5929454533911118	0.5929454533911118						
37	BDPN(p)		0.1805311609520204	0.17001175698998802	0.19197318673371727	0.1262028502591479	0.11544323031500238	0.1366919438190302	8.717511470709756	6.9134532189289475	10.909825699663545	1.4304840229940408	1.3471308820750232	1.5211477897647716	7.923751309471826	7.315720093379638	8.662266269502037	0.5929454533911118	0.5929454533911118	0.5929454533911118	0.2469193924367884	0.20640917961512775	0.28957434872454835	0.11471163569556884	0.0916604928006173	0.144645514814798
37	real	853.0	0.17298635253076802			0.11180203321572808			6.210157091533204			1.5472558732181683			8.94438116407459			0.5929454533911118			0.29836032489511755			0.16102652239882606		
38	BDPN(p)		0.9092611230152154	0.8649124353679882	0.9549958675316791	0.2554467110036634	0.22364087212820544	0.29072364703089737	69.82309629857166	61.06763384462785	79.6311007813604	3.5594943440167275	3.385882057238875	3.7385326425987273	3.914710806300649	3.4396926779531034	4.4714545712678815	0.550020021108926	0.550020021108926	0.550020021108926	0.3790131562999976	0.3390391124714822	0.4196441314249	0.014321908551919326	0.012557907528437362	0.016375286498642855
38	real	938.0	0.9069541712108881			0.18729858601320923			63.71135668659			4.842290540020015			5.339068603163267			0.550020021108926			0.29934660369048155			0.01569578882018189		
38	BD(p)		0.98942232170971	0.9430900253795674	1.036106127467458	0.44872982949236895	0.40675515797745937	0.4925791627098404				2.20493993641788	2.101687838418162	2.3089753775441357	2.2285124239038487	2.030130536782494	2.458481423990733	0.550020021108926	0.550020021108926	0.550020021108926						
39	real	646.0	0.1754747131190119			0.13623419805389633			52.94918880226038			1.2880371861519777			7.340300851658294			0.4825203559928689			0.5134210104800905			0.018886030600667302		
39	BD(p)		0.21864129892868625	0.20418855642170314	0.2338967517897255	0.2144982827314748	0.199486684726918	0.2297537988099243				1.0193149154597099	0.9519356230805908	1.0904364772119657	4.662041985911261	4.35248516098444	5.012865903149995	0.4825203559928689	0.4825203559928689	0.4825203559928689						
39	BDPN(p)		0.18725196514000692	0.1741561238411002	0.20155440122525292	0.1516337319143871	0.139277058593285	0.1649831478153358	58.857248075724875	50.45306152951161	68.28540287322346	1.2348965020905114	1.148531541381764	1.329218760763939	6.5948386772186245	6.061225120515286	7.1799333651939525	0.4825203559928689	0.4825203559928689	0.4825203559928689	0.4687525412777709	0.4165671997683316	0.5216697686114304	0.016990260888742444	0.014644418249337543	0.019820402760198568
40	real	587.0	0.5346025878938777			0.18030756829570233			50.18216335836969			2.96494813249955			5.5460788998053125			0.3120787275915945			0.8113729426359502			0.01992739916090552		
40	BD(p)		0.8354563656741241	0.7841177416140949	0.8897703867724103	0.7172086651023857	0.664052553239318	0.7724821044119103				1.1648721025349822	1.0932909483213753	1.2406018360715014	1.3942943646076058	1.2945283706750703	1.5059049093658252	0.3120787275915945	0.3120787275915945	0.3120787275915945						
40	BDPN(p)		0.5820171158684974	0.5417317494362089	0.6239543633802674	0.3354523795457261	0.2969119686215116	0.3764466189214887	47.59311472897024	41.78643520362775	53.966783072472154	1.7350215749152604	1.6149289212669444	1.8600385670992536	2.981049057854986	2.6564191301942843	3.368001649252306	0.3120787275915945	0.3120787275915945	0.3120787275915945	0.7701796602963547	0.7130178886337345	0.8231460667124292	0.021011442636077217	0.018529916794504817	0.02393121105274813
41	BDPN(p)		0.3845195581636411	0.3583024008672985	0.4121654788530459	0.26311313816869153	0.23495645340447666	0.2926692633257777	80.96627794718302	70.00799524162403	93.24011563319333	1.4614228724569105	1.3617807280971943	1.566495241255461	3.80064639477966	3.4168261765393324	4.256107825557376	0.15314938120784724	0.15314938120784724	0.15314938120784724	0.6246431997273572	0.56486289350345	0.6840258185204899	0.01235082092636558	0.010724997424220287	0.014284082790095938
41	BD(p)		0.5978571721140346	0.5611364671890501	0.6369344424844638	0.5294418767947541	0.4907376377717008	0.5704281610500659				1.12922154124541	1.0598641546569292	1.2030299649519052	1.8887814580403215	1.7530691299657466	2.0377487338055302	0.15314938120784724	0.15314938120784724	0.15314938120784724						
41	real	526.0	0.3558845882247927			0.1954596059622215			76.41352188921948			1.8207577288044785			5.116146607771635			0.15314938120784724			0.7004854855106256			0.013086689047649841		
42	BD(p)		1.1083874854572235	1.0397164841617803	1.179833781136879	0.8883841465570821	0.8207904322685542	0.9588933510145128				1.2476443774382522	1.170345608024619	1.3280671269397428	1.1256391774611056	1.0428688434871265	1.2183377884122442	0.5263841830199695	0.5263841830199695	0.5263841830199695						
42	real	668.0	0.8157244584002257			0.19538861570180296			40.538945108177394			4.174882223666312			5.11800544984757			0.5263841830199695			0.7917785049635809			0.024667637436828198		
42	BDPN(p)		0.8738497431880565	0.8141822802748105	0.9357844048307918	0.4512025745715975	0.4010823660743689	0.504584239473163	39.98288184201015	35.356072273379105	45.056524361554715	1.9367126706175135	1.8044717077420285	2.073978424700456	2.216299410413312	1.9818296367007049	2.4932534675797227	0.5263841830199695	0.5263841830199695	0.5263841830199695	0.8274648768709298	0.7733241085600389	0.8759903802509809	0.025010703429318503	0.02219434397503745	0.02828368468838484
43	real	503.0	0.1314794911812732			0.09074356687366236			9.569777205686922			1.44891253133487			11.020064941818399			0.2479034349090582			0.7034344553032745			0.10449564065146068		
43	BD(p)		0.1844454591932813	0.17154695034375372	0.1977944370104079	0.17673112576888106	0.16368858127822192	0.1900802065834708				1.043650111947392	0.9706663135733832	1.119182804669463	5.658312850378961	5.260937043231092	6.109161629914168	0.2479034349090582	0.2479034349090582	0.2479034349090582						
43	BDPN(p)		0.1333588334638419	0.12301829959947926	0.1438478519544729	0.10821616120287302	0.09816464609010364	0.1196590145640653	11.006020408742481	9.323429092586476	12.966432851731234	1.232337499145196	1.1367830667071679	1.3292640429630571	9.240763938440752	8.357080355735347	10.186966895211103	0.2479034349090582	0.2479034349090582	0.2479034349090582	0.5866115999643192	0.5230238191088119	0.649588739032255	0.09085936268168864	0.0771222132898705	0.10725667456356264
44	BDPN(p)		0.20380470293529696	0.18716837964763589	0.22096734209101596	0.178836865166473	0.1628593343116727	0.19599993292353307	14.79463607002681	11.463720331359275	19.16247432343998	1.1396123654123675	1.0465872317399847	1.235580493346968	5.591688263318275	5.102042562382598	6.140268251902873	0.5684845355188921	0.5684845355188921	0.5684845355188921	0.31100004332573405	0.2557246450002618	0.3695381255822391	0.06759206480421305	0.05218532758980801	0.08723171632724472
44	real	508.0	0.20638463328074874			0.167122539268485			14.583172196687709			1.234929975239238			5.983633352970327			0.5684845355188921			0.3534641712669997			0.06857218625088518		
44	BD(p)		0.22094793288864453	0.2037645006317192	0.2390637413653549	0.2218811608637113	0.20462482017123385	0.23999695243050626				0.9957940188728326	0.9183497140475116	1.0774404660348695	4.506917108723088	4.166719576531127	4.886992688194821	0.5684845355188921	0.5684845355188921	0.5684845355188921						
45	BDPN(p)		0.09233141075546902	0.08376909099714377	0.10091368711626994	0.07775462712906894	0.06995923531127288	0.0863370286034073	16.413605204293216	13.897219445431855	19.29413864686414	1.187471590625768	1.0773518450302786	1.29784799750577	12.860970940546705	11.582515824045105	14.29403845754822	0.4950989334761262	0.4950989334761262	0.4950989334761262	0.5924308079409109	0.5287907797441334	0.6553174606219032	0.060925067195989065	0.051829211881533215	0.07195684028208314
45	BD(p)		0.11251540309781302	0.1029320481440947	0.12300464024473028	0.1201335896316284	0.11082627794165743	0.13062274686058847				0.936585707984125	0.856813223176968	1.0238988164917533	8.324066591752981	7.655634443725821	9.023130782452448	0.4950989334761262	0.4950989334761262	0.4950989334761262						
45	real	500.0	0.08957928884750833			0.06510877744360932			14.898235995228378			1.3758404375676214			15.358912258275767			0.4950989334761262			0.7742056876921439			0.06712204051004972		
46	BD(p)		0.17248351341394827	0.1617657938255765	0.18392563129366232	0.11965733695765712	0.10853321161787677	0.1311000593849838				1.4414787910162552	1.3519086914229104	1.5371028302154817	8.35719752273835	7.6277616096529375	9.213769546604734	0.3668173851718088	0.3668173851718088	0.3668173851718088						
46	real	587.0	0.14720913710879166			0.07381767758079381			15.978934638948552			1.994226070681654			13.546890565684555			0.3668173851718088			0.3193667747212967			0.06258239504669519		
46	BDPN(p)		0.14753871488545525	0.13838004520511432	0.15707405101068714	0.07870867867939044	0.06960219289664937	0.08919827047296051	17.859019281101297	14.847440468010301	21.41381406212624	1.8744910645296815	1.7581294404494758	1.9956382656416816	12.705079246386154	11.210979705073306	14.367363417484214	0.3668173851718088	0.3668173851718088	0.3668173851718088	0.35914997287268	0.3100474375189932	0.4104680414512349	0.055994116152739484	0.0466988270795094	0.06735167601140142
47	BD(p)		0.5516460907729503	0.5258345552679683	0.5783342410924869	0.14194122423188116	0.124323571202896	0.16101200324600634				3.8864402766581616	3.7045936310154888	4.074462822355933	7.045169614476186	6.210717088415601	8.04352698627037	0.5714911043821995	0.5714911043821995	0.5714911043821995						
47	real	829.0	0.573195608579768			0.1305803967791127			52.029521509757195			4.389599225597198			7.658117333580942			0.5714911043821995			0.019286012953121767			0.019219857707368462		
47	BDPN(p)		0.5504346930784596	0.5246799418404068	0.5771228757458045	0.13417031208872	0.11700382654603345	0.15324123932123174	87.0223508141323	43.362957278233395	177.61352672953822	4.102507361796142	3.910551698601272	4.301420088850822	7.453213638936392	6.525658526578157	8.546729021777459	0.5714911043821995	0.5714911043821995	0.5714911043821995	0.02584533647823551	0.013730335004062616	0.04201782600935855	0.01149130069050722	0.005630201811840347	0.02306115778920741
48	BDPN(p)		0.30397310815872697	0.2856290332506791	0.32304079665992946	0.15926817412535058	0.14319406269074467	0.17643157780125554	21.223671877294112	18.82083640778846	23.859258825436115	1.9085615178804507	1.7933842389997978	2.028282162672896	6.278718303212035	5.667919612023578	6.9835297721784295	0.5089422692270921	0.5089422692270921	0.5089422692270921	0.7037189081586946	0.6528642214362891	0.7529061987964113	0.04711720034975842	0.04191245031190617	0.05313260146005939
48	BD(p)		0.3740103288874818	0.35288279072783924	0.3959366344317967	0.29423959753305623	0.27304845474258144	0.3161676528092182				1.2711080766261031	1.1993042190325685	1.3456266177339211	3.3985908368014783	3.162878906538297	3.6623536322253054	0.5089422692270921	0.5089422692270921	0.5089422692270921						
48	real	815.0	0.29241856245056547			0.09049749015506957			20.595121736393832			3.2312339485824353			11.050030208423202			0.5089422692270921			0.736204038634218			0.04855518762158568		
49	BD(p)		0.410126638033343	0.3949442042000744	0.4263324522491494	0.21310344661785088	0.19487580667412932	0.2321728683203004				1.924542491181784	1.8532980600182904	2.0005891927861343	4.692556670813759	4.30713548587608	5.131473306341184	0.14133192737153993	0.14133192737153993	0.14133192737153993						
49	BDPN(p)		0.346322304642182	0.3341820673696053	0.35871577713253044	0.10635340662578392	0.09318423079756093	0.12065699997419226	34.5957637875735	29.802666021594998	39.967446554058036	3.2563348521665594	3.1421848906585703	3.3728658866068213	9.402613717100849	8.287956771790228	10.731429464417225	0.14133192737153993	0.14133192737153993	0.14133192737153993	0.3101204882602289	0.2762010598567663	0.3458271426764475	0.0289052730889321	0.025020362475432302	0.033554045107085415
49	real	973.0	0.33828236443735993			0.08943254360743098			32.22982705823236			3.782542135022669			11.181611968787944			0.14133192737153993			0.2450281773259281			0.031027159971824092		
50	BDPN(p)		0.3646704709811669	0.3383895971016685	0.3923169406279465	0.2195009304553069	0.1973094297059398	0.2433375550554681	8.182178663836462	7.1305696388096305	9.369605230655381	1.661361845823329	1.5416317206480759	1.7873133376435824	4.555789344153201	4.109517742841021	5.0681814928478115	0.8111768807045533	0.8111768807045533	0.8111768807045533	0.7315617864748165	0.6751229377135758	0.7839911250539539	0.12221683748117028	0.10672808249468292	0.14024125008993515
50	real	692.0	0.3609828002897093			0.09599252043652963			8.035387442375535			3.7605304939189668			10.417478314481816			0.8111768807045533			0.7303333798910533			0.12444950628346625		
50	BD(p)		0.3936532313868212	0.36604480105493536	0.4222521983697184	0.3710425170501823	0.3435784239878641	0.40059545139349306				1.060938338054614	0.9865306110065791	1.1380156692733143	2.6951089270040534	2.4962839605927765	2.9105436493745667	0.8111768807045533	0.8111768807045533	0.8111768807045533						
51	BDPN(p)		0.20440691558078306	0.1924885416209715	0.21680214750493296	0.1379583652319313	0.12511851849143776	0.15130796371872365	45.20052827888382	40.342351441779655	50.46971322534913	1.4816565507799435	1.3952654577876866	1.571504179108327	7.248563712094088	6.60903745858986	7.992422001611482	0.1174536765106809	0.1174536765106809	0.1174536765106809	0.7209383622268475	0.6709514250021344	0.7694471234803838	0.02212363523342197	0.01981386332700095	0.02478784612848254
51	real	769.0	0.17146546818992972			0.09246167307444317			44.45591780590358			1.8544491191704768			10.815292074532065			0.1174536765106809			0.8296074804899323			0.02249419310981369		
51	BD(p)		0.346533519206822	0.32898689518460056	0.3656003959326062	0.3124414687175308	0.293584661041274	0.3315089956975738				1.1091149988163476	1.0529552832246736	1.170140434409284	3.200599472613768	3.016509394852957	3.4061725038809625	0.1174536765106809	0.1174536765106809	0.1174536765106809						
52	BDPN(p)		0.9529919112830829	0.8944220964287528	1.0139689015228728	0.3617044226458356	0.3109803632112649	0.4169975260007536	21.206674542849125	18.477013433787306	24.282767771712667	2.6347256257250944	2.4727983414914725	2.8033079996804595	2.7646883405104345	2.398095762319206	3.215637121500976	0.2857527842229824	0.2857527842229824	0.2857527842229824	0.6489890307062425	0.5868787523769341	0.7093190410536071	0.04715496519642677	0.041181467014024406	0.05412130069524045
52	real	630.0	0.8128669577697454			0.16890064321021203			20.25298481908468			4.812693085828331			5.920640567101986			0.2857527842229824			0.7274808341724919			0.049375438185174834		
52	BD(p)		1.2918192557506296	1.2224881433812111	1.3642048737092354	0.8249701440077435	0.7533555514133206	0.899295373966056				1.5658981905392495	1.4818574372186448	1.6536415088694778	1.2121650792620848	1.1119817013956363	1.3273944794379842	0.2857527842229824	0.2857527842229824	0.2857527842229824						
53	BD(p)		0.18271312466069728	0.16922660368978615	0.19701562567457714	0.16291227308321	0.14963040693185295	0.17721505735054374				1.121543031735698	1.0387590847949866	1.2093356869064638	6.138272955587786	5.642861362632013	6.683133599011303	0.7398739443762213	0.7398739443762213	0.7398739443762213						
53	BDPN(p)		0.17761386970583778	0.16450580906360762	0.19191644366514493	0.14564033088203804	0.1326453011543549	0.15898982680352358	42.84523248184302	26.626975044563338	61.85829951101152	1.2195376694776727	1.1295347110742957	1.317742430979427	6.866229937433705	6.289710606677871	7.538902556648678	0.7398739443762213	0.7398739443762213	0.7398739443762213	0.1508254553706772	0.11429741539809132	0.1914597841664163	0.02333981967360734	0.0161659794709033	0.03755589954647059
53	real	572.0	0.18266982965041165			0.14216430207225916			34.1553716973542			1.284920524968106			7.034114650608426			0.7398739443762213			0.1780502809043075			0.029277971525558413		
54	real	803.0	0.46955312440826996			0.1423536506194116			63.62151868294323			3.298497245171743			7.024758379211093			0.7968759684083102			0.10336369673042207			0.015717952364254037		
54	BD(p)		0.4735599417671722	0.4477168199517799	0.5002501772118424	0.17604419789456482	0.15689873874984678	0.19702133930124044				2.690005961177962	2.543206906596964	2.8416169529850044	5.6803916968562245	5.075592337087032	6.373537531071942	0.7968759684083102	0.7968759684083102	0.7968759684083102						
54	BDPN(p)		0.4630285641317653	0.4368589774914895	0.4897190807945578	0.1450906777665638	0.12764219725576895	0.16416139670963004	66.20806365019297	52.050565633930084	83.57421716609537	3.1913047155016487	3.0109376027200816	3.375262203836874	6.8922415650225215	6.091566105329911	7.834399763553144	0.7968759684083102	0.7968759684083102	0.7968759684083102	0.14836005415394102	0.11996301253853825	0.1799638802693221	0.015103900414358143	0.011965412706320663	0.019212087089177227
55	BDPN(p)		0.17735654733198933	0.1656453703607244	0.18975211462027808	0.10475911604799773	0.092599844636123	0.11715558338225995	50.55565481855479	37.99104578406046	66.47674061256892	1.692993927618953	1.5812024443279027	1.811318401477719	9.545708647845288	8.535658063663597	10.79915418788837	0.4430365966019007	0.4430365966019007	0.4430365966019007	0.1427885323654118	0.10932247009226842	0.1804589581891974	0.019780180942943357	0.015042855452677346	0.026321991915778227
55	real	522.0	0.18795999525274787			0.11397735748709184			45.15845299802258			1.6490994298936499			8.773672438521414			0.4430365966019007			0.15546424545467985			0.022144248387866352		
55	BD(p)		0.18773030869895047	0.17533024913691084	0.20012574737577216	0.12391832523702816	0.11143443283014247	0.13726811117857812				1.5149519519398302	1.4148855611270013	1.6149810529877335	8.069831464290878	7.2850131863405325	8.973886927071115	0.4430365966019007	0.4430365966019007	0.4430365966019007						
56	BD(p)		0.1753110814833074	0.16373573622855653	0.18770667413080333	0.0989735043942434	0.08825765235112304	0.11041646352924868				1.7712930602617325	1.6543390802486315	1.8965345854897395	10.103714182097436	9.056620435367467	11.330462269964011	0.6624635561063753	0.6624635561063753	0.6624635561063753						
56	BDPN(p)		0.17417546786174545	0.1626755344490514	0.18657107458831346	0.0953423422213959	0.08428659899232607	0.1067853429117544	7.500554678218339	1.945464616276337	28.30241967813354	1.8268427626551271	1.7062254886847656	1.956854323497465	10.48851933674846	9.364581062649984	11.864282245995545	0.6624635561063753	0.6624635561063753	0.6624635561063753	0.031999197438780234	0.008999774279656939	0.0679211022213255	0.1333234731164625	0.035332668067691766	0.5140160307382112
56	real	553.0	0.17850530167064832			0.08734824238737895			22.18631820329693			2.0436049632114948			11.448427268463172			0.6624635561063753			0.024249489431572943			0.04507282329753109		
57	BD(p)		0.7429261783287673	0.7038011650184612	0.7829507422139889	0.2883331485611761	0.2541000976583797	0.3255157228402041				2.5766242349728983	2.44093046023508	2.715437840293514	3.4682103150128376	3.0720482294211657	3.935456968396888	0.44547915133129024	0.44547915133129024	0.44547915133129024						
57	BDPN(p)		0.7137858758982498	0.6755014782669962	0.7528586133813585	0.2159180493653522	0.18569519867334955	0.2492894433971365	85.10438890064738	66.07767298615327	108.3333221494311	3.305818471388938	3.128508618211851	3.4867794313362666	4.631386782806252	4.011401310752362	5.38516885274491	0.44547915133129024	0.44547915133129024	0.44547915133129024	0.16090870092563211	0.12885267066310385	0.19696340518273384	0.01175027531385509	0.009230770183717213	0.015133704847771384
57	real	619.0	0.7501885047619905			0.19269992224529842			91.6123737838677			3.893039997219272			5.1894156901996285			0.44547915133129024			0.11039709439924286			0.010915556040052015		
58	BD(p)		0.37156900498838497	0.3440658366494033	0.4001686038060676	0.2756668403907377	0.2488439067588297	0.3042691829913582				1.3478915507636429	1.248121958236671	1.4516385185786498	3.6275672423370646	3.2865635295980726	4.018583428563364	0.6585497197948721	0.6585497197948721	0.6585497197948721						
58	BDPN(p)		0.33783297762116	0.3121757781539233	0.3645268373667832	0.18806868885414246	0.1646851027473747	0.21285955781746974	44.429559010026	36.760859981684106	53.25996731395127	1.79632760604381	1.6599029857438552	1.938264362812108	5.317206208501588	4.697933277008471	6.072194650987893	0.6585497197948721	0.6585497197948721	0.6585497197948721	0.41031584255570736	0.35421797345629424	0.4679021860561266	0.022507538275910854	0.018775828270890686	0.027202845648829882
58	real	506.0	0.34512047297542636			0.14185974461332482			36.080025749907456			2.4328288050718045			7.049216130522137			0.6585497197948721			0.4024481726589029			0.027716166472042083		
59	BD(p)		0.3951606037458876	0.3720652558701521	0.4199463377549653	0.38794094731026135	0.36375713810337	0.4127268603345629				1.0186101943754142	0.9590770411059174	1.0825006761122	2.5777119093340657	2.422909909932647	2.7490869463455776	0.4181846912892804	0.4181846912892804	0.4181846912892804						
59	real	785.0	0.2885342733916721			0.1480112374092576			12.281121023497903			1.9494078857935773			6.756243765701086			0.4181846912892804			0.8387130583529474			0.08142579151257158		
59	BDPN(p)		0.3046382147551681	0.2850677829447764	0.32561265815199897	0.2186061809463557	0.19990564977127828	0.2386289635297832	13.183073836274474	11.674505205719385	14.853844508951132	1.3935480389272434	1.3040243496808075	1.4894942894222278	4.574436073449325	4.1906061410487165	5.002359868988936	0.4181846912892804	0.4181846912892804	0.4181846912892804	0.7791268417213904	0.7273879498883293	0.8274428450948362	0.07585484329522643	0.06732263821648235	0.08565673511457224
60	BDPN(p)		0.2078893027052934	0.18930159191536472	0.2279122999173631	0.15845121306355764	0.14184503043576052	0.17656815396908268	40.411785039591216	34.90660485109221	46.556403061886215	1.3120082748871431	1.1946995435082748	1.4383752292634286	6.3110908440876505	5.663535453709854	7.049947375159434	0.6294314533592319	0.6294314533592319	0.6294314533592319	0.707615685570994	0.6468049625922367	0.7647219969829093	0.024745256835853838	0.021479322590079092	0.02864787349746248
60	BD(p)		0.2406081078590996	0.22001678608995826	0.2625373395156693	0.261701901348117	0.2408253819042248	0.2836306703226777				0.9193976299738138	0.8407152754969516	1.0031923274659016	3.821141515780566	3.5257117957741713	4.152386231438411	0.6294314533592319	0.6294314533592319	0.6294314533592319						
60	real	501.0	0.20511745325269576			0.10319243797782142			36.6790366814774			1.9877178722803364			9.690632565682037			0.6294314533592319			0.8085574006035586			0.02726352953824961		
61	real	513.0	0.06203974935583697			0.05990004863585903			3.3898162725824856			1.0357211850191557			16.69447726293418			0.5106341599422953			0.32116499673140064			0.295001238883712		
61	BDPN(p)		0.061458708491487136	0.055790704570410216	0.06718040272037379	0.057290010917910826	0.052012822394356686	0.06301172900027634	3.4199427798340327	2.630313905389942	4.4127292490896055	1.0727648242125407	0.973829532871814	1.1726372825558478	17.455049911456133	15.870061270586856	19.226028390039808	0.5106341599422953	0.5106341599422953	0.5106341599422953	0.28675023117180665	0.23410468091760775	0.3431694023388805	0.29240255301830786	0.2266171214121762	0.3801827599173
61	BD(p)		0.06786186529470115	0.06211592374593777	0.07358352288443068	0.07109680602444858	0.06562049305378853	0.07681844510369877				0.9544994928656146	0.8736809319475971	1.0349764918993265	14.065329455955062	13.017706862591135	15.239141820838027	0.5106341599422953	0.5106341599422953	0.5106341599422953						
62	real	817.0	0.22804973772645284			0.1327932883233871			19.967717442266043			1.7173287942918534			7.530501071445215			0.737207038951936			0.2863286833651299			0.050080836875389736		
62	BDPN(p)		0.2257082297631912	0.21166396540299176	0.24001011572715905	0.14659322445669862	0.13351258319691708	0.1599427076556824	22.758443541849584	18.823394863012922	27.321820299749483	1.5396907367288446	1.4438864155383528	1.637252448854171	6.821597680971843	6.252238783857252	7.489930732035233	0.737207038951936	0.737207038951936	0.737207038951936	0.29029725631051584	0.24947420464184955	0.3332675396198401	0.04393973595607012	0.03660078241599332	0.05312537973503136
62	BD(p)		0.2366767416849663	0.22194694532965592	0.2519319193469889	0.18809256237662547	0.1734759559409516	0.20334848137439196				1.2582993112245382	1.1799878874808587	1.3394039411432723	5.3165313256653866	4.91766642780511	5.764487617755995	0.737207038951936	0.737207038951936	0.737207038951936						
63	real	512.0	0.2330799242492134			0.09099631712181368			23.305611918738848			2.561421512666246			10.989455745349936			0.3855944208578744			0.8824898861001955			0.042908120305390964		
63	BDPN(p)		0.24428891515823475	0.2252819686614977	0.2643111833894184	0.15895304048125847	0.14105992261424094	0.17802349502073905	24.44038159986405	21.339217394168415	27.85452671335556	1.536862172743641	1.4172863128595503	1.6628255904333098	6.29116622728526	5.617236083829856	7.089185797547313	0.3855944208578744	0.3855944208578744	0.3855944208578744	0.8348385069585766	0.7745083804791484	0.8883869597806007	0.040915891428043916	0.03590080744472045	0.046862074720382216
63	BD(p)		0.33700513459615805	0.3133797735698657	0.3617923106010451	0.31388591051330983	0.2894416987544575	0.3396270347431378				1.073654864103459	0.9983875130214784	1.1526236077605143	3.185870937515676	2.94440635668567	3.4549272074592525	0.3855944208578744	0.3855944208578744	0.3855944208578744						
64	BD(p)		0.3644137824056772	0.33815145828651694	0.3920602591515786	0.3614239641161455	0.3346737480294003	0.3890705235501213				1.0082723299680565	0.9356088468385296	1.0847655332162425	2.766833689197888	2.5702281192504084	2.9879845846533275	0.348237147311161	0.348237147311161	0.348237147311161						
64	BDPN(p)		0.2662994731898821	0.24505478881334855	0.28822814131896063	0.2046178279880939	0.1847332744736316	0.22559436989615236	71.78107702793191	62.133876734016724	82.42719245644614	1.301448049802275	1.19762188477344	1.4086169526524919	4.887159686096302	4.4327347373976105	5.4132099528324975	0.348237147311161	0.348237147311161	0.348237147311161	0.7642488035485879	0.7015565188824928	0.823186602661441	0.01393124819805746	0.012131918729712794	0.01609427984480687
64	real	500.0	0.2569666017821605			0.16359995492992285			70.86845724123478			1.5707009326025227			6.112471121574236			0.348237147311161			0.8438636099760448			0.014110650054029263		
65	BDPN(p)		0.2431497591738287	0.2251777067351461	0.26221860778834644	0.16519968355062964	0.14980596321775813	0.18140946863571614	33.7964214172169	29.547241234143968	38.54321215007005	1.4718536618704192	1.3630637898052311	1.5872827486862764	6.053280360513067	5.512391428741106	6.675301693740982	0.7024871858430369	0.7024871858430369	0.7024871858430369	0.7098089945061966	0.6564346853489924	0.7602523528830492	0.029588931551509486	0.02594490558042871	0.03384410720701829
65	real	687.0	0.22773184287122133			0.1017290872908337			31.40171512837986			2.238610892282537			9.830030197175523			0.7024871858430369			0.7688602110623187			0.03184539430128873		
65	BD(p)		0.2738259585833929	0.254642883370498	0.29384763527146296	0.2748841411897133	0.25509173254905043	0.29585920885185113				0.9961504414123687	0.9263644030841136	1.068987224943842	3.637896299407984	3.37998605445045	3.9201584073592617	0.7024871858430369	0.7024871858430369	0.7024871858430369						
66	BDPN(p)		0.2656020519364043	0.2485476228076907	0.28371705128887204	0.13171623839545962	0.1163979292084917	0.1479265663296745	46.83173061904056	39.71879890850086	55.02326034387828	2.0164715844600054	1.886993022541846	2.1540020785975615	7.5920783358361605	6.760110944313843	8.591218132487581	0.5341144227448833	0.5341144227448833	0.5341144227448833	0.4217782500568608	0.3707035400890378	0.4737278604033147	0.021353043903814782	0.018174132062518847	0.02517699496159673
66	real	634.0	0.26000219318699314			0.0880622898752285			41.15258517159447			2.952480494833584			11.355598422626246			0.5341144227448833			0.4799704797794981			0.02429980998351105		
66	BD(p)		0.3004398604190212	0.28172486914283235	0.3195076163115761	0.20358145750373147	0.18538077968113065	0.2226510608237101				1.4757722245578992	1.383843462942437	1.5694337796246487	4.912038710508155	4.491332744162295	5.394302482275012	0.5341144227448833	0.5341144227448833	0.5341144227448833						
67	real	593.0	0.5503508736226408			0.1268559550206135			6.640182648161164			4.338392104124804			7.882956695548938			0.400398770580008			0.5856308999107585			0.15059826709389168		
67	BD(p)		0.7121339682056405	0.6697714954902654	0.7559717461420633	0.468094193414964	0.4261286994753383	0.5119426771367952				1.521347579661891	1.4308476902991942	1.6149991962662456	2.13632216350418	1.9533436938542088	2.3467088727683167	0.400398770580008	0.400398770580008	0.400398770580008						
67	BDPN(p)		0.6024535837788552	0.5636880207618586	0.6424837741985112	0.28170221884754376	0.2460661949704141	0.3198384454169542	9.410088832817486	7.756147436423787	11.413344839821011	2.138618525063521	2.0010066767238515	2.2807196081981207	3.5498477934999735	3.1265784783826094	4.0639471022024605	0.400398770580008	0.400398770580008	0.400398770580008	0.4570916720783295	0.3945986700363704	0.5207137417566503	0.10626892240512344	0.0876167340980545	0.12892998852805213
68	BD(p)		0.4048506304368801	0.3811875075597192	0.4296361241765887	0.15141063780811834	0.13437193274391745	0.16952770628754346				2.6738585630287384	2.5175741485403123	2.8375557384618078	6.604555759597902	5.898740812925622	7.4420303375837715	0.8807411117846224	0.8807411117846224	0.8807411117846224						
68	real	765.0	0.40857829226308406			0.10969895554910619			54.15966237120348			3.724541315985329			9.115857074430895			0.8807411117846224			0.14701198679257932			0.01846392603310793		
68	BDPN(p)		0.3964673108673657	0.373295398121231	0.4212530124759448	0.1251074257547967	0.1095939975354471	0.14227141583881198	60.76032269690185	46.59402553490448	78.15637133696305	3.1690150162982227	2.9837988901863297	3.36713036763762	7.99313065524937	7.028818783479048	9.124587317627133	0.8807411117846224	0.8807411117846224	0.8807411117846224	0.15219639327223222	0.12187601805002972	0.1853137216600356	0.01645810877253602	0.01279486218325828	0.021461979052462013
69	BD(p)		0.8704626450982075	0.8246120759231066	0.9181048540251188	0.7004280266284145	0.6498834231415955	0.7528433751186865				1.2427581593047794	1.1772973732825418	1.31077686660329	1.4276984386441636	1.3282975357820597	1.5387375095150282	0.13798650226567902	0.13798650226567902	0.13798650226567902						
69	BDPN(p)		0.5129381165980308	0.4829417425786149	0.5434400410939841	0.2466387192092677	0.21593387930810926	0.28000908782806844	34.409812603815325	30.353378183388735	38.9200526308235	2.0797144837701405	1.9580937823831672	2.203384946355024	4.054513432465247	3.5713126590163435	4.631047259486	0.13798650226567902	0.13798650226567902	0.13798650226567902	0.7153571320588122	0.6587712651674414	0.7698395560006802	0.02906147765213696	0.02569369598457404	0.032945262104211594
69	real	668.0	0.4108729203044178			0.08955656322422104			32.09552211220427			4.5878593987101			11.166127461773174			0.13798650226567902			0.7884713313842606			0.031156994315407995		
70	BDPN(p)		0.4453607429113627	0.4227955489353951	0.4691919825939677	0.1791927663043774	0.15622260502295374	0.20398385535092825	8.541026413950254	7.422441411244124	9.793644578071866	2.4853723288967564	2.3594454042705792	2.6183645259262125	5.5805824120232455	4.902348758334955	6.401122295029392	0.16016660224258006	0.16016660224258006	0.16016660224258006	0.5201658587134054	0.4683524626306248	0.5726477179166266	0.11708194677476667	0.1021070340084647	0.13472656025079804
70	real	766.0	0.38601415778119824			0.08062075529443449			7.362988851701281			4.78802457718783			12.403753801957164			0.16016660224258006			0.5274678655428192			0.1358144118022047		
70	BD(p)		0.6215538294155483	0.5930713782607331	0.6510993576665174	0.4120430776804236	0.3799303372366405	0.4454079253331271				1.5084680779363049	1.4393431424680143	1.5801730278587605	2.4269307122678803	2.2451329289933164	2.6320614649341563	0.16016660224258006	0.16016660224258006	0.16016660224258006						
71	BD(p)		0.13218045077694984	0.12039470715245824	0.14457657814791766	0.14751637230454442	0.13492512155962266	0.16086584317817468				0.8960391901725058	0.8161447117470184	0.9800714042061878	6.778908567081092	6.216360044141887	7.411518243903197	0.7040170000710573	0.7040170000710573	0.7040170000710573						
71	BDPN(p)		0.11596151535502006	0.10518387329048692	0.1274042800776684	0.08575756589919332	0.0758250386453816	0.0962470837469937	11.127601564661221	9.574468155336255	12.866361463025653	1.3522015712448157	1.2265258719461432	1.48563311868518	11.660778725640187	10.389925191174797	13.188255724824591	0.7040170000710573	0.7040170000710573	0.7040170000710573	0.7413420700986423	0.6812528202761938	0.796913109725887	0.08986662527312056	0.07772205085903441	0.1044444436783319
71	real	500.0	0.10996240145815478			0.05806439166361091			9.478109128756213			1.8938009734986767			17.222259139359974			0.7040170000710573			0.8998847795171852			0.1055062762430155		
72	real	554.0	0.41908446617966644			0.0906523393720197			43.49111834226854			4.6229856734289525			11.0311549258116			0.3973939424395677			0.4739106693501928			0.022993200407728096		
72	BD(p)		0.537287361103336	0.5053405554126099	0.5706480282770662	0.3250623840307057	0.29214979815258724	0.3593834992900431				1.6528746096090383	1.5545956106839938	1.7555031166668678	3.0763325722287784	2.7825428879608705	3.422901560512833	0.3973939424395677	0.3973939424395677	0.3973939424395677						
72	BDPN(p)		0.4477234176124383	0.4198032040116609	0.4772740849689809	0.169863521144216	0.14479784222437142	0.19656186615822352	47.3974376394027	40.31863619264864	55.24811482379138	2.6357832134676884	2.4714147050751607	2.8097503322315447	5.88707918724344	5.08745678673525	6.906180262344314	0.3973939424395677	0.3973939424395677	0.3973939424395677	0.4898401248718021	0.4343504232261681	0.5456388612139487	0.021098186944364997	0.018100165104083733	0.02480242623341341
73	real	542.0	0.3559802640378465			0.10312911525239271			12.113333138027725			3.451792087681925			9.696582750202532			0.6055059445895916			0.8838998188477808			0.08255366120994989		
73	BDPN(p)		0.3942246474944733	0.36273595501933004	0.4275900899014497	0.2315819411528961	0.2045606199240411	0.260185545032601	12.878177037788305	11.190719817321297	14.777119312199533	1.7023116981051492	1.566339556588494	1.8463878822880413	4.3181259947198365	3.8434110545022815	4.888526444490278	0.6055059445895916	0.6055059445895916	0.6055059445895916	0.8485706785613899	0.7905629173316076	0.8982584246584338	0.07765074179875849	0.0676721882575876	0.08935975668447826
73	BD(p)		0.4767725840574213	0.4414613375844096	0.5139481496523061	0.4408345804504903	0.40561345193785336	0.4780114826982648				1.0815226509004938	1.0014217512911052	1.1658526178393278	2.268424584518975	2.0919999543844225	2.465401468374418	0.6055059445895916	0.6055059445895916	0.6055059445895916						
74	BD(p)		0.7275364353629604	0.6927705317176625	0.7637496937395171	0.4910124595792274	0.4508161250043689	0.532953525798346				1.4817066678642368	1.410902143524691	1.5554588867134074	2.036608196983329	1.8763362124343481	2.218199271355497	0.10768758079367027	0.10768758079367027	0.10768758079367027						
74	BDPN(p)		0.5084544765787063	0.4846675479890795	0.5332374014059091	0.19127498109363164	0.1645175618773397	0.22083323006708336	29.286320315608172	25.42010035450829	33.63640066005958	2.6582382791077688	2.5338784258032594	2.7878052757191614	5.228075278232477	4.528304004321387	6.078378433212958	0.10768758079367027	0.10768758079367027	0.10768758079367027	0.4855196865900122	0.4362090934207141	0.5347570603343275	0.03414563486376433	0.029729697006119226	0.0393389477639355
74	real	702.0	0.4547010317341261			0.11403691360420892			29.000511899429466			3.9873144349755867			8.769090362009688			0.10768758079367027			0.4182385255454079			0.03448214995196941		
75	BDPN(p)		0.3099537104578157	0.292454379201416	0.3280679061665687	0.16379344574138074	0.14725973640827178	0.18095677173585006	37.593820596551225	22.87700227951756	65.3461899632736	1.8923450145081664	1.785507215369182	2.0029367150903377	6.105250399206665	5.5261816974704905	6.790722463522138	0.5605520039894983	0.5605520039894983	0.5605520039894983	0.0701734962762374	0.04824427868991321	0.09832254082256224	0.02660011629921269	0.015303111023948424	0.043712020822558935
75	real	718.0	0.31759667877811465			0.16114612943179696			41.20694920911227			1.9708613535923205			6.205547744311397			0.5605520039894983			0.05593253612858506			0.02426775141555167		
75	BD(p)		0.3165484754156081	0.29867561255027103	0.3346625516284598	0.17771437839448245	0.1611474054199997	0.19487746542030496				1.7812203957574442	1.6806496764560277	1.883148424184288	5.627006711748695	5.13142962857832	6.205498607896867	0.5605520039894983	0.5605520039894983	0.5605520039894983						
76	real	959.0	0.08959211897892053			0.07495721496233897			15.87183086430539			1.1952434335231723			13.340943903831455			0.2298576943562249			0.10026543467861028			0.06300470365072554		
76	BDPN(p)		0.08879312070357784	0.08399193441510093	0.09356106888701564	0.07190923073828268	0.06747740381714001	0.07667725943038158	15.945586244181898	12.263071940716056	20.536933324147945	1.2347944734208731	1.1680271580263997	1.3010995657502713	13.906420493351558	13.041676338314373	14.81977585726244	0.2298576943562249	0.2298576943562249	0.2298576943562249	0.10031158290739924	0.07836842414640566	0.12491243806227505	0.06271327906585261	0.04869276168044865	0.08154563594133238
76	BD(p)		0.0941751358768215	0.0898075513825955	0.0989430583968111	0.0792683774219636	0.07437660383309089	0.08403637102291661				1.18805429024371	1.132955590910225	1.2482034023493969	12.615371129356825	11.8996095122587	13.44508821946358	0.2298576943562249	0.2298576943562249	0.2298576943562249						
77	BD(p)		0.4515328710142232	0.4304141426854315	0.4734574761396186	0.21389581326898185	0.1939368307750148	0.2348721605171623				2.1109944328195147	2.012260717530595	2.2134957618091784	4.67517332254869	4.257635293165913	5.156318147531737	0.5221658559215578	0.5221658559215578	0.5221658559215578						
77	real	909.0	0.4193986469979094			0.13119621625564132			62.99231410598536			3.1967282210387347			7.622171039227672			0.5221658559215578			0.2127950532313718			0.01587495259052537		
77	BDPN(p)		0.4255493090094635	0.40481936228048576	0.446521215590581	0.1471512067871133	0.13059501539326066	0.16526835244662774	63.698663893506854	53.366843715467645	75.61138339533328	2.8919185802201035	2.751043441092171	3.0344380133869544	6.795730880051298	6.050765226348723	7.65726009517822	0.5221658559215578	0.5221658559215578	0.5221658559215578	0.2500320001808141	0.21682462515679968	0.2851867501723384	0.01569891641168215	0.013225521807629296	0.018738226403862884
78	real	624.0	0.43379848518253034			0.1806869656039313			64.75653326928715			2.400828879563031			5.534433525172014			0.1566952333977727			0.291369668223848			0.015442457301436209		
78	BD(p)		0.5408734206737249	0.5129307533927607	0.5704213341525373	0.3663128479806367	0.3349187751073007	0.3996792220444344				1.4765341255579316	1.4002532431509862	1.557197180762521	2.7299069784548204	2.5020064713016903	2.9857985706523067	0.1566952333977727	0.1566952333977727	0.1566952333977727						
78	BDPN(p)		0.4310450377681521	0.4083668814795971	0.4539233555239405	0.21144934766213394	0.1859652469686724	0.2381465822147705	75.86750974628632	64.11523913251224	89.32596245786584	2.0385262122298	1.9312752013409349	2.146723839740785	4.729265003918849	4.199094485001504	5.377348812751339	0.1566952333977727	0.1566952333977727	0.1566952333977727	0.3470459252290385	0.3023095364299828	0.3935944090750153	0.0131808728577512	0.011194953544124309	0.015596916014509712
79	BDPN(p)		0.3408223407128829	0.3248931684919665	0.3570292785220717	0.17205393219197304	0.15601762604897554	0.18921711638579453	37.10377607271964	29.417812816444588	46.58428810645745	1.9809041058858377	1.8883216695649807	2.0751009522043837	5.8121310408891285	5.284934149197693	6.409532213277553	0.3705387680563052	0.3705387680563052	0.3705387680563052	0.14688826140478872	0.11992049466250328	0.17604735403255473	0.026951434755322516	0.02146646521064645	0.033993009821620686
79	real	919.0	0.33050621889598186			0.15370607299171704			48.71614186991276			2.1502482788288546			6.505923809880227			0.3705387680563052			0.12523543764747536			0.020527077096341308		
79	BD(p)		0.362240821797002	0.3460132067553398	0.3794007412164887	0.2104907846748245	0.19330599374446775	0.22860678263309475				1.7209343504353776	1.6438401675867966	1.8024577266059596	4.7508018060973285	4.374323405814963	5.173145336206726	0.3705387680563052	0.3705387680563052	0.3705387680563052						
80	real	910.0	0.10929711379292277			0.0776242355801031			20.82197051241623			1.4080282140767149			12.882574527488464			0.28907024971957745			0.059539513882876004			0.04802619422612744		
80	BDPN(p)		0.10676530320345548	0.1009812631845165	0.11248673818592768	0.07481550840224997	0.06904867180832419	0.08053712620291448	17.760718150945333	12.64330913052218	25.104997532370128	1.4270477536478874	1.34973704437835	1.5035216706827164	13.366212719205773	12.416633758205938	14.482537807185519	0.28907024971957745	0.28907024971957745	0.28907024971957745	0.07504189488216183	0.05510889155408759	0.09852715926991944	0.05630402957251894	0.039832706564125735	0.07909321758066508
80	BD(p)		0.11099530491105322	0.1058392749933476	0.11671671568926152	0.08114795354389857	0.07551255056034321	0.08686953511002134				1.3678139751362692	1.304275343630099	1.4383198909153183	12.323169671297135	11.511515501187933	13.242831722402027	0.28907024971957745	0.28907024971957745	0.28907024971957745						
81	BD(p)		0.3587974514786885	0.34272451908804424	0.3759574300075442	0.2033090988665309	0.185132890765241	0.22237870738133825				1.764787968069413	1.685731337154946	1.8491913647915683	4.918619016930884	4.496833405390675	5.401525336025012	0.19350843121488906	0.19350843121488906	0.19350843121488906						
81	BDPN(p)		0.3039532418045304	0.2903440141453425	0.3182540084646226	0.1180103991111186	0.10246995547917316	0.1342209492507509	11.993845097634573	9.987473734559844	14.389178029948859	2.575647943689505	2.460325669028156	2.6968302019295316	8.473829489030031	7.45040178587774	9.75895808018818	0.19350843121488906	0.19350843121488906	0.19350843121488906	0.2993991208081075	0.258465647260124	0.3425024952115149	0.0833760976450513	0.06949667298011422	0.1001254197585202
81	real	751.0	0.29597994849427134			0.08602541004480671			10.859477913614974			3.4406107258321565			11.624472344614755			0.19350843121488906			0.28359302411019616			0.09208545824714638		
82	BD(p)		0.3266801587588726	0.3018724904159116	0.3533743163168891	0.3268699318534433	0.30141134342739306	0.3535640843439716				0.9994194232137088	0.9235248060419956	1.0810854161872845	3.059320856861083	2.8283415773281173	3.3177251679676414	0.6349763803672529	0.6349763803672529	0.6349763803672529						
82	real	537.0	0.2769619234595702			0.10313113567311796			25.501774825669973			2.6855315967567956			9.69639278645759			0.6349763803672529			0.7799408172495942			0.03921295701322735		
82	BDPN(p)		0.2815724724511069	0.2591047549306081	0.3054076171503837	0.1858922455066139	0.16639189148833822	0.20686918029302792	24.549883965194603	21.374141804291888	28.057158675895444	1.5147080056176352	1.3938438057191007	1.6429282260701803	5.379460543255532	4.833972844981118	6.009908241653028	0.6349763803672529	0.6349763803672529	0.6349763803672529	0.7718935185041818	0.7138507441635351	0.8244649341614211	0.04073339008109945	0.03564152776664173	0.04678550414591156
83	BD(p)		0.21790261731693675	0.20180437618794533	0.2341115479576396	0.15778270407925646	0.14308432557182615	0.1730390855687572				1.3810298067111415	1.2790018865855932	1.483759258175992	6.3378302827012405	5.7790411727681565	6.988885721783798	0.7922604318367469	0.7922604318367469	0.7922604318367469						
83	real	584.0	0.21343037096367837			0.1389831642261117			38.30970132553615			1.5356562944303709			7.195116081636335			0.7922604318367469			0.1573471270759267			0.026103048716107545		
83	BDPN(p)		0.21277259578515026	0.19705509844172114	0.2289816095961393	0.1388145851124895	0.1248177913120023	0.15407125603251648	36.801574374766496	26.307660588211988	52.00019943857532	1.5327827087674415	1.419556153137914	1.6495500772529217	7.203853969592908	6.490503327817044	8.01167837924914	0.7922604318367469	0.7922604318367469	0.7922604318367469	0.14581634849612848	0.11107104670603538	0.1858562071603725	0.027172750540956848	0.019230695474182543	0.03801174173761702
84	BDPN(p)		0.31154057675561925	0.2884926433245381	0.3353750069596112	0.16765985349603255	0.1468273718090285	0.18959068523676434	8.585551059271038	7.1085094677131115	10.322452748542737	1.8581703983356483	1.7207019886329846	2.000329834282883	5.964457078710638	5.274520732657206	6.810719198193191	0.6337642642081074	0.6337642642081074	0.6337642642081074	0.4311028262517337	0.36963699360256064	0.4938815182766888	0.1164747601052536	0.096876200294661	0.14067646734410436
84	real	540.0	0.29548536180006724			0.1188532491701406			9.402508839098916			2.4861361709773244			8.413737167323728			0.6337642642081074			0.4390039045495649			0.10635459291903568		
84	BD(p)		0.34679560042312385	0.322481847268373	0.3725358772545491	0.24728478945347634	0.2232335404834103	0.2720741901220728				1.402413796617156	1.3040909146943065	1.5065054267101907	4.0439203810719535	3.6754680756426232	4.479613582414671	0.6337642642081074	0.6337642642081074	0.6337642642081074						
85	BDPN(p)		0.3014904697151287	0.2850573971525826	0.3186514319835243	0.12855836877988328	0.11261357268239787	0.14572229962453542	53.04221444912892	41.607792486584756	67.25716819543902	2.3451640883164795	2.2173383176684194	2.4786517984614207	7.778567894807322	6.8623676854988975	8.879924294918544	0.42505751318414464	0.42505751318414464	0.42505751318414464	0.16109458041620486	0.12900151947391406	0.197141297663946	0.018852908205012214	0.014868303659383238	0.02403395951184916
85	BD(p)		0.3183483137703085	0.30099332786099475	0.3364623573704275	0.16401522390070333	0.146822212004926	0.18213206398739795				1.940968077225808	1.8351548149165684	2.051409310480383	6.0969949997166815	5.490521427732745	6.810958548740902	0.42505751318414464	0.42505751318414464	0.42505751318414464						
85	real	639.0	0.30166379686095746			0.13856440234757966			58.34663586634745			2.177065622556172			7.216860774180413			0.42505751318414464			0.14716033709621384			0.017138948718323097		
86	real	741.0	0.26189054209340806			0.10663490157488373			12.916699616373627			2.4559552100256496			9.37779268542538			0.6214752170461335			0.16803034913420375			0.07741915734669308		
86	BDPN(p)		0.26174507867544106	0.2464670467218019	0.2779532985218447	0.11864808320332801	0.105780324102964	0.13295150067497713	14.95269374212239	11.114386620579007	19.84578938309751	2.2060624294021407	2.077294803822745	2.342669944743349	8.42828618045429	7.521539771443968	9.453553942854477	0.6214752170461335	0.6214752170461335	0.6214752170461335	0.1768633633334824	0.1409379926563688	0.21625173754897006	0.0668775818756293	0.050388522255088095	0.0899734761924185
86	BD(p)		0.27256639996274795	0.25718470933985793	0.28877444436887645	0.14628675424183674	0.13209859464790735	0.16154331114561113				1.8632336288776328	1.7580861006368909	1.9740300197752931	6.835888903152714	6.1902903494322015	7.570103244969242	0.6214752170461335	0.6214752170461335	0.6214752170461335						
87	BD(p)		0.9320115786173646	0.8920071748486498	0.9739341397770144	0.6951634719874711	0.6511003609726413	0.740908017116622				1.3407085040770992	1.2831617465434466	1.4010145512861003	1.4385105666455718	1.3496952076341155	1.5358615352419058	0.17152531299817042	0.17152531299817042	0.17152531299817042						
87	real	986.0	0.5363798662958712			0.13311832172251592			41.06325506322231			4.029346669603834			7.51211393788822			0.17152531299817042			0.6075961502219325			0.02435267244304836		
87	BDPN(p)		0.6297448034572253	0.6015004079894203	0.6592900895510256	0.2887349964920797	0.2583879460808057	0.3211505610387785	43.35939399030303	38.986240543710274	48.094963941876	2.181047711944056	2.0832265409361974	2.2833743659789114	3.4633834213007537	3.1138043065079724	3.8701495761232985	0.17152531299817042	0.17152531299817042	0.17152531299817042	0.5981724526296374	0.5543609936968025	0.6413375211948129	0.023063052962032676	0.020792197727989268	0.025650075156100998
88	real	930.0	0.5741451838544173			0.14296403806811175			68.29617777498062			4.016011240399349			6.994766051051063			0.4692408152106107			0.10276609661873666			0.014642107839398538		
88	BDPN(p)		0.5578679605306647	0.5333962239839068	0.5836028024162939	0.17635252407692684	0.1564883709588375	0.1982831651481952	71.96551870879159	57.14128466080749	90.01697631913177	3.1633681652739867	3.024602152851714	3.3092965664711453	5.670460376080523	5.043292501673596	6.39025119804614	0.4692408152106107	0.4692408152106107	0.4692408152106107	0.1304451921950771	0.10598671865850016	0.15761877993898096	0.01389554355949964	0.011109015664498218	0.017500481585880197
88	BD(p)		0.5761377711828158	0.5508631620976335	0.6018721426353171	0.2224564581579368	0.19996478662627126	0.2462930122928264				2.5898900663687496	2.476274083742441	2.705572801163667	4.495261716744733	4.060204512871299	5.000880489368223	0.4692408152106107	0.4692408152106107	0.4692408152106107						
89	real	599.0	0.6490334934191136			0.13483944526135136			47.60858267207553			4.813380032535214			7.416227484930384			0.2988035641436283			0.4037128292347712			0.02100461605605711		
89	BD(p)		0.8254176675832708	0.7811374217658101	0.8711562501485366	0.4842196158370921	0.4360864119158193	0.5347398798526337				1.704634923053116	1.6131883059206984	1.7990932660638497	2.065178624106864	1.870068116624451	2.29312350184632	0.2988035641436283	0.2988035641436283	0.2988035641436283						
89	BDPN(p)		0.6849535203588759	0.6468818888545244	0.7240273852057401	0.2427797909573355	0.2078350555455331	0.2809175022995384	48.528061456960714	40.802058050559246	57.511163058039074	2.8212954532086445	2.664479964760341	2.982239099682624	4.1189589794800225	3.5597639585080536	4.811507843925382	0.2988035641436283	0.2988035641436283	0.2988035641436283	0.44625864772051305	0.3939627124407654	0.4992534255753858	0.020606633975826436	0.0173879286529264	0.0245085676502118
90	BDPN(p)		0.317279189038482	0.29998267088793995	0.3353932520109401	0.11235182623404556	0.09582303952742943	0.13046960245179376	10.679823902653107	8.904365143447354	12.750131875262609	2.8239789211573845	2.670029326119109	2.9852051653549987	8.900611886066287	7.6646205798740175	10.435903566946957	0.2638365164768421	0.2638365164768421	0.2638365164768421	0.33579790544723925	0.2879204697096446	0.3857427895102887	0.09363450269545902	0.0784305613293434	0.11230446908793844
90	real	600.0	0.2888051878155017			0.07650597672847394			8.812412699993303			3.7749362881869377			13.070874234428546			0.2638365164768421			0.32319565904042724			0.1134763014447519		
90	BD(p)		0.3689238467432293	0.3495216126376293	0.3889436188906161	0.1972462615431902	0.17731500060520994	0.2182229581128676				1.8703718075916358	1.7720062722765266	1.9718681400988212	5.069804579191144	4.582469272013019	5.639680774817749	0.2638365164768421	0.2638365164768421	0.2638365164768421						
91	real	683.0	0.4786065147808589			0.15827735028353027			55.16386405722521			3.023847151367563			6.318023382427423			0.19789442687819286			0.8778903629420992			0.018127809157143748		
91	BD(p)		0.90788561106589	0.8574046737311676	0.9602900779728109	0.8051394302797148	0.7533101310624675	0.858502192913901				1.127612903954387	1.06491452472188	1.1927003471177593	1.2420209002217024	1.164819389226988	1.327474513836156	0.19789442687819286	0.19789442687819286	0.19789442687819286						
91	BDPN(p)		0.5447704836918266	0.5107848284610874	0.5809903654377561	0.3368592623082835	0.3027485559800985	0.37308667867870615	48.247035536492156	42.972333927926385	54.006056468820326	1.6172050011594128	1.5163152260116048	1.7247272984468247	2.968598794486553	2.680342282767961	3.303071080760948	0.19789442687819286	0.19789442687819286	0.19789442687819286	0.8443068618120124	0.7907131645290234	0.8935691438168054	0.020726662040067505	0.018516441773106254	0.02327078630816771
92	BD(p)		0.2501749604345602	0.2365482047857952	0.2644764963991384	0.13869475635892686	0.12524800280825046	0.15299788706061626				1.80378095756652	1.7055309875856757	1.9068961462011016	7.21007791680393	6.536037975503611	7.984159248678472	0.4928267571628458	0.4928267571628458	0.4928267571628458						
92	BDPN(p)		0.23373944628300505	0.22010236935236024	0.2470877659543994	0.10006400896845416	0.08768100784739741	0.11341411339948675	15.423193901950484	12.246319852934196	19.295573441819986	2.335899277798203	2.199615742177079	2.4692970879499283	9.99360319768176	8.817244785731623	11.404978393273367	0.4928267571628458	0.4928267571628458	0.4928267571628458	0.2423297407404462	0.20162591710044936	0.2852446577688193	0.06483741346683942	0.0518253579254952	0.08165718452637033
92	real	699.0	0.22480477057349063			0.08119978606955798			15.739858340507146			2.7685389513331558			12.31530338199872			0.4928267571628458			0.23184125696886246			0.06353297331949047		
93	real	540.0	0.4056863486806883			0.08810464931403517			37.84822761629201			4.604596373054992			11.350138815440458			0.5983009993527243			0.5961329766455207			0.026421316478490626		
93	BD(p)		0.4956643581136074	0.461849411758185	0.5309328178330268	0.3510531474184308	0.3182356648479529	0.38632670988175777				1.4119353771889422	1.3156110838331063	1.5124001073267463	2.84857152643064	2.588482686858664	3.1423253596600538	0.5983009993527243	0.5983009993527243	0.5983009993527243						
93	BDPN(p)		0.4238548563510285	0.39329698587253614	0.456266039646168	0.1947376228344859	0.16900684480178071	0.22238879223845645	37.49322705056213	32.31470472296069	43.29514914947767	2.17654323895736	2.019625073716816	2.342978377804088	5.135114547690324	4.496629483592634	5.916920117483097	0.5983009993527243	0.5983009993527243	0.5983009993527243	0.6438680524543162	0.5822478677467742	0.7036870905186303	0.02667148385630911	0.02309727578365588	0.030945664166612864
94	BD(p)		0.33326704220866193	0.3125003520706205	0.3551942414369765	0.19456774965542392	0.1741524010589534	0.21649799118465776				1.7128585944940617	1.6061261572077243	1.8255555818783908	5.139597912660154	4.618980501981053	5.742097116774657	0.4087278698583624	0.4087278698583624	0.4087278698583624						
94	real	503.0	0.2619336619588673			0.06080637663555888			16.324477564214867			4.307667656778145			16.44564362046219			0.4087278698583624			0.4564142964184351			0.0612577031066596		
94	BDPN(p)		0.27737327585053123	0.25848057144668635	0.2973948814959084	0.09727449961023964	0.08223160904613969	0.1144389674780976	17.338305853852187	14.646282776935687	20.483327658033247	2.851449012453552	2.657228487243509	3.0572748529934666	10.280186523773539	8.738282265535029	12.160773838669574	0.4087278698583624	0.4087278698583624	0.4087278698583624	0.523812505856659	0.4629397634768324	0.585196050023574	0.057675761889840124	0.048820192533893074	0.06827670988127822
95	real	522.0	0.3214637668087279			0.15931462137615926			35.22336267497533			2.017791989410167			6.276887779426664			0.8146306827816988			0.1264507327811353			0.028390247950700533		
95	BDPN(p)		0.3191368912052696	0.2955251688111285	0.3439245102627615	0.15570315440057758	0.13636526010050534	0.1766807225793297	32.89857419920798	23.30679490540815	45.322008617852894	2.0496494912635232	1.8980037363329891	2.208847416012824	6.422477462642148	5.659927044678005	7.333246013412576	0.8146306827816988	0.8146306827816988	0.8146306827816988	0.1470909860999921	0.11089281373944718	0.18873693404432845	0.030396454081711374	0.022064335418843013	0.04290594241115317
95	BD(p)		0.3273216199072437	0.3037397840936343	0.3521090360200313	0.1825446122332627	0.16197901162871342	0.2044751174841159				1.7931047972480243	1.663920837638876	1.928893061878444	5.4781129268398265	4.890570609784255	6.1736393495978925	0.8146306827816988	0.8146306827816988	0.8146306827816988						
96	BDPN(p)		0.1737413800434696	0.16564412785393196	0.18232295765689926	0.09301519531180516	0.08438877075132342	0.10159746580363617	33.16049430184442	22.79005675285451	48.15801570173707	1.8678816881591709	1.7808286839441705	1.9601416418652564	10.750931572500644	9.842765191926768	11.849917839741938	0.24798519314815706	0.24798519314815706	0.24798519314815706	0.08063146531334156	0.06047359898500618	0.10397480701437001	0.030156365912325345	0.020764975164122672	0.04387878498261079
96	BD(p)		0.18032601534807768	0.17192010837863653	0.1889075364451292	0.10521667845687857	0.09626055765199057	0.11475241819650207				1.7138539059848907	1.6339625133585196	1.7954143698097256	9.50419662230484	8.71441330576232	10.388470879373935	0.24798519314815706	0.24798519314815706	0.24798519314815706						
96	real	839.0	0.17008359620515598			0.08736737037001485			32.092792974827596			1.94676336811815			11.445920779861398			0.24798519314815706			0.08042007385786669			0.031159643873450438		
97	BDPN(p)		0.2495552404509031	0.23596237573874435	0.26385678528064666	0.10750795080214233	0.09419445695187452	0.12181152763466375	53.67050383222754	38.474408356293495	74.17340117506926	2.3212724137044023	2.194836511887475	2.45430020116604	9.301637623438664	8.209403653480095	10.616335953939585	0.3620289630388917	0.3620289630388917	0.3620289630388917	0.09637272126236496	0.07002080529218704	0.12725841926609271	0.018632208170170552	0.013481921877085424	0.025991302861358333
97	BD(p)		0.25833119977053465	0.24476099978263535	0.27263261905917324	0.12490013611607352	0.11038058891497116	0.14015701935374264				2.0683019875211306	1.9596535872080356	2.182804819410344	8.006396398725053	7.13485492636011	9.059563912730383	0.3620289630388917	0.3620289630388917	0.3620289630388917						
97	real	596.0	0.25002595824482066			0.12174792910780316			56.736045429394956			2.0536362308342198			8.213692071218214			0.3620289630388917			0.11404555512098953			0.017625479400823728		
98	BD(p)		0.7038573407731626	0.6702245188025721	0.7391184542054665	0.3867376995952896	0.346054426591099	0.4296364468520628				1.8199863667538232	1.7330209066867377	1.9111621519674284	2.5857318824786737	2.3275492741060004	2.8897188510222676	0.1261796422757394	0.1261796422757394	0.1261796422757394						
98	real	591.0	0.5575748753718205			0.1541626628125054			16.64822722601515			3.616795825912466			6.486654951051363			0.1261796422757394			0.31512364156579914			0.06006645551049197		
98	BDPN(p)		0.580248951550063	0.5547936753588981	0.6069363380908159	0.17857113694233942	0.14943837228773688	0.2109902735441155	21.518173816402683	17.93154041231359	25.603798034176908	3.2493994353489786	3.106849655877147	3.398849044046774	5.60000914550317	4.7395549719068555	6.691721709030294	0.1261796422757394	0.1261796422757394	0.1261796422757394	0.33347184781910605	0.28787999362508765	0.3809880149179393	0.046472345122415964	0.0390567055194375	0.05576765726793331
99	BDPN(p)		0.4571626538001523	0.4295434306208462	0.4857598037638994	0.2472332293234911	0.21837777276214448	0.2777432624891001	47.23133273456189	41.67346643132487	53.35542072273356	1.8491149229862631	1.7374016906878331	1.9647836380776689	4.044763734779175	3.6004473737297027	4.579220620082031	0.1680078173886136	0.1680078173886136	0.1680078173886136	0.7267520291316512	0.6699745268557409	0.78118814832808	0.021172385831667254	0.01874223811665911	0.023996083974630097
99	real	653.0	0.38189862606165675			0.13083104035134088			50.02381334919225			2.919021548984745			7.643446060770785			0.1680078173886136			0.8668067011519185			0.01999047919476829		
99	BD(p)		0.7343127254525833	0.6942096857793951	0.7762435823862535	0.6033447770557748	0.5604041825976971	0.6481404263892312				1.2170698303479328	1.1506019645467496	1.2865671700585477	1.6574271262939222	1.5428755240140888	1.7844263677058954	0.1680078173886136	0.1680078173886136	0.1680078173886136						
