	type	sampled_tips	lambda	lambda_min	lambda_max	psi	psi_min	psi_max	phi	phi_min	phi_max	R_naught	R_naught_min	R_naught_max	infectious_time	infectious_time_min	infectious_time_max	p	p_min	p_max	upsilon	upsilon_min	upsilon_max	partner_removal_time	partner_removal_time_min	partner_removal_time_max
0	real	754.0	0.7761877986498075			0.1957325409075551						3.965553172971901			5.109012509433994			0.2987834524384259			0					
0	BD(p)		0.76487852863638	0.7342935484859	0.7963257093925245	0.1907806865643465	0.1655754391300192	0.2184319654035433				4.009203145300569	3.8488882795703616	4.174037339591709	5.2416207217218505	4.578084522347929	6.039543094400273	0.2987834524384259	0.2987834524384259	0.2987834524384259						
0	BDPN(p)		0.7648717752103609	0.7342870654607272	0.7963189561790442	0.1877995221588716	0.16226052498871338	0.21545088344680627	54.698478806516256	0.001	1000000.0	4.0728100179259625	3.9099517241558637	4.240260821885304	5.324827180092802	4.64142909976461	6.162928414471472	0.2987834524384259	0.2987834524384259	0.2987834524384259	0.0053535580926632725	0.0	0.01603823666783974	0.0182820440681226	1e-06	1000.0
1	real	614.0	0.09150178505549886			0.05918472743747275						1.5460371115532854			16.896250828500918			0.412557149301818			0					
1	BD(p)		0.08813268856193382	0.08268689552681296	0.09385423016108224	0.05896561568708032	0.05353133921641655	0.06468732418155844				1.4946454392952973	1.4022900390901896	1.5916772693284398	16.959036013578086	15.458979215051345	18.680646040951807	0.412557149301818	0.412557149301818	0.412557149301818						
1	BDPN(p)		0.08813268856193382	0.08268689552681296	0.09385423016108224	0.05896561568708032	0.05353133921641655	0.06468732418155844	35992.20956631224	0.001	1000000.0	1.4946454392952973	1.4022900390901896	1.5916772693284398	16.959036013578086	15.458979215051345	18.680646040951807	0.412557149301818	0.412557149301818	0.412557149301818	0.0	0.0	0.00390625	2.7783790215979784e-05	1e-06	1000.0
2	real	523.0	0.21635408795492728			0.0801882474338148						2.698077272900871			12.470655389062754			0.8175468342415309			0					
2	BD(p)		0.22177882789685968	0.20625531656036167	0.2379876956946405	0.08758170217013846	0.07608256985066694	0.0999783824659604				2.5322507144931534	2.355004657932828	2.7173221095009032	11.417910079634837	10.002162220822784	13.143614916830176	0.8175468342415309	0.8175468342415309	0.8175468342415309						
2	BDPN(p)		0.2217797688988147	0.2062561913981168	0.2379886366813395	0.08758539571023136	0.07608577284246626	0.09998207596026168	19.52030969544581	0.001	1000000.0	2.53215467145406	2.354915334064339	2.717218261691757	11.417428578029295	10.001792725302627	13.143061608514849	0.8175468342415309	0.8175468342415309	0.8175468342415309	4.2009492188322805e-06	0.0	0.038089978452129435	0.0512286954255293	1e-06	1000.0
3	real	965.0	0.4473149041032432			0.1468825974345976						3.0453907536760374			6.808158471225768			0.8773057189071051			0					
3	BD(p)		0.4598964537032828	0.436593118163663	0.4837273468275364	0.1486189283980194	0.1330497445435408	0.1657825148803429				3.0944675665513124	2.9376683230712985	3.254816543502832	6.728618021803249	6.031999217298468	7.5159858700273405	0.8773057189071051	0.8773057189071051	0.8773057189071051						
3	BDPN(p)		0.4601186915650654	0.4368040705090269	0.4849028149037831	0.14585874158092182	0.13001481672050852	0.1630223754449923	21.14808975906707	0.001	1000000.0	3.1545499884200865	2.994706150448239	3.3244686581555416	6.855948359085522	6.134127277132117	7.691431063197124	0.8773057189071051	0.8773057189071051	0.8773057189071051	0.010809695757965405	0.0	0.02819780657471992	0.04728559465146294	1e-06	1000.0
4	BD(p)		0.4195003092752913	0.3982483404449053	0.44142561701920935	0.1185857645660225	0.1020502664239256	0.13670342782598005				3.537526707446701	3.3583149031617614	3.722416587139733	8.432715374055299	7.3151055237106	9.799092496690934	0.4566571813926974	0.4566571813926974	0.4566571813926974						
4	BDPN(p)		0.4195003092752913	0.3982483404449053	0.44142561701920935	0.1185857645660225	0.1020502664239256	0.13670342782598005	653186.7844255402	0.001	1000000.0	3.537526707446701	3.3583149031617614	3.722416587139733	8.432715374055299	7.3151055237106	9.799092496690934	0.4566571813926974	0.4566571813926974	0.4566571813926974	0.0	0.0	0.00390625	1.5309556528757273e-06	1e-06	1000.0
4	real	637.0	0.41872635048364015			0.13024883603502982						3.214818367904844			7.677611796323882			0.4566571813926974			0					
5	BDPN(p)		0.4858496645578442	0.4583874765262476	0.5134927828055704	0.09678647330450346	0.08181983685067479	0.11395094954988814	319401.11833161203	0.001	1000000.0	5.0198095660464315	4.7360696270448654	5.305418880074822	10.332022294622345	8.775705722067688	12.221974993974246	0.6349737110422649	0.6349737110422649	0.6349737110422649	0.0	0.0	0.00390625	3.1308594197274207e-06	1e-06	1000.0
5	real	607.0	0.49377051921884435			0.10407903377970058						4.744188154782319			9.608083046933881			0.6349737110422649			0					
5	BD(p)		0.4858496645578442	0.4583874765262476	0.5134927828055704	0.09678647330450346	0.08181983685067479	0.11395094954988814				5.0198095660464315	4.7360696270448654	5.305418880074822	10.332022294622345	8.775705722067688	12.221974993974246	0.6349737110422649	0.6349737110422649	0.6349737110422649						
6	BDPN(p)		0.5773461567362183	0.5497670925955203	0.6059398682223651	0.14663466426153846	0.1295681020433894	0.1657053537553994	221465.47064600413	0.001	1000000.0	3.9373101827168258	3.749230070285104	4.132309855066789	6.819669857983882	6.034808033276447	7.7179489722333265	0.6875161265545106	0.6875161265545106	0.6875161265545106	0.0	0.0	0.0029296875	4.515376582557308e-06	1e-06	1000.0
6	real	896.0	0.5708232168623668			0.1572889051116076						3.629138472655318			6.357727516066244			0.6875161265545106			0					
6	BD(p)		0.5773461567362183	0.5497670925955203	0.6059398682223651	0.14663466426153846	0.1295681020433894	0.1657053537553994				3.9373101827168258	3.749230070285104	4.132309855066789	6.819669857983882	6.034808033276447	7.7179489722333265	0.6875161265545106	0.6875161265545106	0.6875161265545106						
7	BDPN(p)		0.16183916359025982	0.15178671586586856	0.17232788331033785	0.13260419688007544	0.12283669789288235	0.14309322328715926	808355.4976980116	0.001	1000000.0	1.2204678841094592	1.1446599688178904	1.2995658309833715	7.541239444362231	6.9884511441412	8.140889629514731	0.7509665463618337	0.7509665463618337	0.7509665463618337	0.0	0.0	0.00390625	1.2370794815495691e-06	1e-06	1000.0
7	BD(p)		0.16183916359025982	0.15178671586586856	0.17232788331033785	0.13260419688007544	0.12283669789288235	0.14309322328715926				1.2204678841094592	1.1446599688178904	1.2995658309833715	7.541239444362231	6.9884511441412	8.140889629514731	0.7509665463618337	0.7509665463618337	0.7509665463618337						
7	real	853.0	0.16302778111167676			0.1334918033008829						1.2212568643201371			7.491096646181767			0.7509665463618337			0					
8	BD(p)		0.22133519966317874	0.21014630280528296	0.2327767584797109	0.15493311439187651	0.14350839105810442	0.16732895968064235				1.4285854933719957	1.3563678986904906	1.502433868920639	6.454398105434536	5.976251821015094	6.9682336525891015	0.3015606451401779	0.3015606451401779	0.3015606451401779						
8	BDPN(p)		0.22133519966317874	0.21014630280528296	0.2327767584797109	0.15493311439187651	0.14350839105810442	0.16732895968064235	769347.1282606719	0.001	1000000.0	1.4285854933719957	1.3563678986904906	1.502433868920639	6.454398105434536	5.976251821015094	6.9682336525891015	0.3015606451401779	0.3015606451401779	0.3015606451401779	0.0	0.0	0.0029296875	1.2998033829810795e-06	1e-06	1000.0
8	real	833.0	0.22945167002882322			0.15375629151133183						1.4923075197343234			6.503798902604906			0.3015606451401779			0					
9	BD(p)		0.5434020069986242	0.5163878445406849	0.5710435335468163	0.14391747384640025	0.12661106099781272	0.16298821516655548				3.7757889467861587	3.5880830224397458	3.967854064450003	6.948426575825509	6.135412913001798	7.898204091483568	0.7304489928830195	0.7304489928830195	0.7304489928830195						
9	BDPN(p)		0.5434020069986242	0.5163878445406849	0.5710435335468163	0.14391747384640025	0.12661106099781272	0.16298821516655548	610343.8083611181	0.001	1000000.0	3.7757889467861587	3.5880830224397458	3.967854064450003	6.948426575825509	6.135412913001798	7.898204091483568	0.7304489928830195	0.7304489928830195	0.7304489928830195	0.0	0.0	0.0029296875	1.6384208151225098e-06	1e-06	1000.0
9	real	848.0	0.532209469355236			0.1390944849767228						3.826244221288143			7.189357652586643			0.7304489928830195			0					
10	BDPN(p)		0.10787092779108716	0.10286135305087996	0.11359235644712473	0.0659926439521737	0.06091509364341013	0.07171431223767355	712424.942882531	0.001	1000000.0	1.6345901805247196	1.5586790722527468	1.7212881564413085	15.15320405596602	13.944217950328078	16.41629258347502	0.4658447852104491	0.4658447852104491	0.4658447852104491	0.0	0.0	0.0029296875	1.4036566377840678e-06	1e-06	1000.0
10	real	970.0	0.10952934411184516			0.06846227353923433						1.5998496463760603			14.606584740819635			0.4658447852104491			0					
10	BD(p)		0.10787092779108716	0.10286135305087996	0.11359235644712473	0.0659926439521737	0.06091509364341013	0.07171431223767355				1.6345901805247196	1.5586790722527468	1.7212881564413085	15.15320405596602	13.944217950328078	16.41629258347502	0.4658447852104491	0.4658447852104491	0.4658447852104491						
11	real	876.0	0.2404657828822794			0.1202784815366755						1.9992419243250608			8.31403911343093			0.4438036290312925			0					
11	BD(p)		0.24023609359974285	0.2290219017122549	0.25167743611270976	0.11595306855486118	0.10517621837784294	0.12739583337417548				2.071839034480397	1.9751258381221464	2.1705112184558786	8.624178837724052	7.849550283665013	9.507852777207914	0.4438036290312925	0.4438036290312925	0.4438036290312925						
11	BDPN(p)		0.2401505573707001	0.2289403749939486	0.2515919008625516	0.11574938327531192	0.10499162859325142	0.12719215042561927	9.466443381233939	0.001	1000000.0	2.0747458912977352	1.9778971474034548	2.173591718101304	8.639354886422874	7.862120395431088	9.524568895622194	0.4438036290312925	0.4438036290312925	0.4438036290312925	0.0011722452947946474	0.0	0.015803511232859186	0.1056362944062368	1e-06	1000.0
12	real	619.0	0.5416450273625862			0.14267804025975414						3.796274650089728			7.008787043748558			0.5901426952579006			0					
12	BD(p)		0.5460991726739086	0.5162890616683042	0.5766000851747426	0.1347845199917613	0.11544847608670206	0.15576252706092958				4.051646084485732	3.830477429454528	4.277939968254421	7.419249629416827	6.4200293797803525	8.661872671658289	0.5901426952579006	0.5901426952579006	0.5901426952579006						
12	BDPN(p)		0.5460991726739086	0.5162890616683042	0.5766000851747426	0.1347845199917613	0.11544847608670206	0.15576252706092958	764914.0526845214	0.001	1000000.0	4.051646084485732	3.830477429454528	4.277939968254421	7.419249629416827	6.4200293797803525	8.661872671658289	0.5901426952579006	0.5901426952579006	0.5901426952579006	0.0	0.0	0.00390625	1.3073364209879887e-06	1e-06	1000.0
13	BD(p)		0.3912524667001094	0.3691483230784235	0.41413169523557	0.06921186637243422	0.05802085704570674	0.08256238272401084				5.6529680126634725	5.333598737129972	5.983536016889018	14.448389451296187	12.112053540688084	17.23518146607583	0.5655140458681811	0.5655140458681811	0.5655140458681811						
13	BDPN(p)		0.3913547842708328	0.3692448453179926	0.4142340104644301	0.06900959130165446	0.05678911786463842	0.08236011035389462	10.196316903699422	0.001	1000000.0	5.671020171096859	5.3506308087516565	6.002557074330898	14.490739347068493	12.141800146977491	17.609007457794693	0.5655140458681811	0.5655140458681811	0.5655140458681811	0.0008734618182291793	0.0	0.015509104467376212	0.09807462924550536	1e-06	1000.0
13	real	554.0	0.38310088355527083			0.07729190673355979						4.9565459017060345			12.937965205686982			0.5655140458681811			0					
14	BDPN(p)		0.4475795340094039	0.4310072466145237	0.464737988492806	0.13440563958646642	0.11929328197706203	0.15061592391886294	167284.8643374887	0.001	1000000.0	3.3300651325829604	3.2067645966391627	3.457726847792192	7.440163992201202	6.639404214249628	8.382701719886308	0.29932704471897004	0.29932704471897004	0.29932704471897004	0.0	0.0	0.0029296875	5.977827127160476e-06	1e-06	1000.0
14	real	957.0	0.4502166234431202			0.13326113441394777						3.3784540813273933			7.504063389507924			0.29932704471897004			0					
14	BD(p)		0.4475795340094039	0.4310072466145237	0.464737988492806	0.13440563958646642	0.11929328197706203	0.15061592391886294				3.3300651325829604	3.2067645966391627	3.457726847792192	7.440163992201202	6.639404214249628	8.382701719886308	0.29932704471897004	0.29932704471897004	0.29932704471897004						
15	BDPN(p)		0.175925427331122	0.16499258812292686	0.1873675058212572	0.0994107429128594	0.08864706790676541	0.11085369704406688	582054.0305987404	0.001	1000000.0	1.7696822513974488	1.6597058153720332	1.8847812653960163	10.05927499079824	9.02089895659932	11.280688956929186	0.4699233264186504	0.4699233264186504	0.4699233264186504	0.0	0.0	0.0048828125	1.7180535610608726e-06	1e-06	1000.0
15	real	513.0	0.1839126599933826			0.0953176999954221						1.929470182371328			10.491230905152221			0.4699233264186504			0					
15	BD(p)		0.175925427331122	0.16499258812292686	0.1873675058212572	0.0994107429128594	0.08864706790676541	0.11085369704406688				1.7696822513974488	1.6597058153720332	1.8847812653960163	10.05927499079824	9.02089895659932	11.280688956929186	0.4699233264186504	0.4699233264186504	0.4699233264186504						
16	real	575.0	0.8484860681558388			0.17491345628377797						4.850890755821913			5.717113029758038			0.8645235423799118			0					
16	BD(p)		0.9061843187244829	0.8487263297429486	0.9652585456496072	0.18174551847963705	0.15350403121719378	0.2132110511619512				4.986006402276229	4.669861115931949	5.3110445513282665	5.502198944795665	4.6901884051048475	6.5144868969929135	0.8645235423799118	0.8645235423799118	0.8645235423799118						
16	BDPN(p)		0.9061843187244829	0.8487263297429486	0.9652585456496072	0.18174551847963705	0.15350403121719378	0.2132110511619512	141224.59955588318	0.001	1000000.0	4.986006402276229	4.669861115931949	5.3110445513282665	5.502198944795665	4.6901884051048475	6.5144868969929135	0.8645235423799118	0.8645235423799118	0.8645235423799118	0.0	0.0	0.00390625	7.080919352186202e-06	1e-06	1000.0
17	BD(p)		0.15162117589400467	0.1439724443056372	0.16020294336666946	0.0686753473142434	0.060744642550855515	0.0772578267166655				2.2077962736791013	2.0964210584454817	2.3327576726130808	14.561266001673324	12.943672408329434	16.462357139772426	0.3215637424259439	0.3215637424259439	0.3215637424259439						
17	BDPN(p)		0.15119421689141746	0.14356716681490012	0.15977598802870074	0.06766981933316707	0.0593360919165212	0.07625230736610507	5.99643184700735	0.001	1000000.0	2.2342931957158703	2.1215834212303477	2.361111491107374	14.777636616355924	13.114357250840518	16.853149031231794	0.3215637424259439	0.3215637424259439	0.3215637424259439	0.008611040847250144	0.0	0.028942259736124895	0.1667658410057761	1e-06	1000.0
17	real	598.0	0.15747359893029086			0.06339813934029219						2.4838836055589053			15.773333577385571			0.3215637424259439			0					
18	BD(p)		0.2243349359740721	0.21037650247569264	0.23863684158316525	0.19058050750853495	0.17651007921688594	0.20488289597860046				1.1771137505446378	1.103872086531573	1.252157656115372	5.247126335599751	4.880836905509417	5.6653988510834825	0.3816229588113719	0.3816229588113719	0.3816229588113719						
18	BDPN(p)		0.2243349359740721	0.21037650247569264	0.23863684158316525	0.19058050750853495	0.17651007921688594	0.20488289597860046	354827.6916785368	0.001	1000000.0	1.1771137505446378	1.103872086531573	1.252157656115372	5.247126335599751	4.880836905509417	5.6653988510834825	0.3816229588113719	0.3816229588113719	0.3816229588113719	0.0	0.0	0.00390625	2.818269327485212e-06	1e-06	1000.0
18	real	659.0	0.21897478800936912			0.18354955809364287						1.1930009000493105			5.448119899530472			0.3816229588113719			0					
19	BD(p)		0.16278636514611622	0.15267471732448396	0.1732750749296545	0.10471353687574277	0.09499039279364188	0.11520285586749382				1.5545875920444268	1.4580227340200902	1.6547533403944668	9.549863655036694	8.680340365435027	10.527380407536693	0.6515937344361273	0.6515937344361273	0.6515937344361273						
19	real	655.0	0.16252371426395082			0.10881976978292984						1.4935127558912122			9.1895066677201			0.6515937344361273			0					
19	BDPN(p)		0.16278636514611622	0.15267471732448396	0.1732750749296545	0.10471353687574277	0.09499039279364188	0.11520285586749382	734180.6291108483	0.001	1000000.0	1.5545875920444268	1.4580227340200902	1.6547533403944668	9.549863655036694	8.680340365435027	10.527380407536693	0.6515937344361273	0.6515937344361273	0.6515937344361273	0.0	0.0	0.00390625	1.362062631931709e-06	1e-06	1000.0
20	real	694.0	0.16755511158074365			0.07194252441158576						2.329013513928909			13.89998485845401			0.13213619088184433			0					
20	BD(p)		0.16835499033251694	0.16116395559166666	0.1759831004171244	0.07873660662163885	0.0702341652723971	0.08827259889490638				2.138204801503964	2.0468745416744265	2.23508616853142	12.700572743824269	11.328543766911832	14.238084785682108	0.13213619088184433	0.13213619088184433	0.13213619088184433						
20	BDPN(p)		0.16835499033251694	0.16116395559166666	0.1759831004171244	0.07873660662163885	0.0702341652723971	0.08827259889490638	636579.6200156476	0.001	1000000.0	2.138204801503964	2.0468745416744265	2.23508616853142	12.700572743824269	11.328543766911832	14.238084785682108	0.13213619088184433	0.13213619088184433	0.13213619088184433	0.0	0.0	0.00390625	1.5708954050012145e-06	1e-06	1000.0
21	real	942.0	0.33257287314617484			0.1892817403821864						1.7570256511518942			5.283129783046477			0.2011261227366748			0					
21	BD(p)		0.3477645170242509	0.3335417536306781	0.362064656959024	0.19776509989298002	0.18162421279238394	0.2149278427253564				1.7584726385618226	1.6865551799138132	1.8307813519926128	5.0565039055988485	4.652724315843252	5.505873829405704	0.2011261227366748	0.2011261227366748	0.2011261227366748						
21	BDPN(p)		0.34709562134954425	0.33290029313012937	0.36139577085294666	0.1965675577887744	0.18052490656391398	0.21373032117832347	10.96534050949224	0.001	1000000.0	1.765782844606142	1.6935668167981919	1.8385321307257207	5.087309478986201	4.678793324629225	5.5394018422934606	0.2011261227366748	0.2011261227366748	0.2011261227366748	0.004037377191427814	0.0	0.01765405367513876	0.09119643837182637	1e-06	1000.0
22	BD(p)		0.09073896904403406	0.08583136917443845	0.0964604957299259	0.0646354944266817	0.0596639714245972	0.07035717047785342				1.4038566556795269	1.3279293356655602	1.4923765430361862	15.471375424138431	14.213192389747586	16.760533637352506	0.3156462348801501	0.3156462348801501	0.3156462348801501						
22	BDPN(p)		0.09073896904403406	0.08583136917443845	0.0964604957299259	0.0646354944266817	0.0596639714245972	0.07035717047785342	862559.4504291199	0.001	1000000.0	1.4038566556795269	1.3279293356655602	1.4923765430361862	15.471375424138431	14.213192389747586	16.760533637352506	0.3156462348801501	0.3156462348801501	0.3156462348801501	0.0	0.0	0.00390625	1.1593403788023005e-06	1e-06	1000.0
22	real	732.0	0.08916366897766466			0.06181054494687367						1.4425316756922475			16.178469237886556			0.3156462348801501			0					
23	BDPN(p)		0.5539220438736695	0.5274638601336208	0.5815632794738812	0.13895035474073925	0.12332316611776488	0.15611410719512947	141040.06892121182	0.001	1000000.0	3.986474485129641	3.7960598309935243	4.1854033446621415	7.196815019766245	6.405571014476509	8.108776570373413	0.7691684250444611	0.7691684250444611	0.7691684250444611	0.0	0.0	0.0029296875	7.0901837162219685e-06	1e-06	1000.0
23	real	980.0	0.5582325892268923			0.13897794045758063						4.016699250175448			7.1953865247069455			0.7691684250444611			0					
23	BD(p)		0.5539220438736695	0.5274638601336208	0.5815632794738812	0.13895035474073925	0.12332316611776488	0.15611410719512947				3.986474485129641	3.7960598309935243	4.1854033446621415	7.196815019766245	6.405571014476509	8.108776570373413	0.7691684250444611	0.7691684250444611	0.7691684250444611						
24	BDPN(p)		0.205399842386918	0.19581859977503124	0.21493462670543775	0.06799784731987799	0.06066995776926633	0.0756267230687235	311703.92051713297	0.001	1000000.0	3.020681543353402	2.8797764560671184	3.1609033988140003	14.706347912688516	13.222839221676711	16.482622318662163	0.601864645608676	0.601864645608676	0.601864645608676	0.0	0.0	0.0029296875	3.2081726734169663e-06	1e-06	1000.0
24	real	977.0	0.21510874336612			0.07358816728482487						2.9231430989922083			13.589141255950494			0.601864645608676			0					
24	BD(p)		0.205399842386918	0.19581859977503124	0.21493462670543775	0.06799784731987799	0.06066995776926633	0.0756267230687235				3.020681543353402	2.8797764560671184	3.1609033988140003	14.706347912688516	13.222839221676711	16.482622318662163	0.601864645608676	0.601864645608676	0.601864645608676						
25	BDPN(p)		0.11861008625646367	0.11034062706655608	0.12719213706558358	0.10122690128228216	0.09339667461960388	0.10980910129247548	438880.5576414968	0.001	1000000.0	1.1717249540782309	1.09003264615262	1.256505291127055	9.878796913988227	9.106713270847283	10.707019324541355	0.7133436607538189	0.7133436607538189	0.7133436607538189	0.0	0.0	0.00390625	2.278524264947864e-06	1e-06	1000.0
25	BD(p)		0.11861008625646367	0.11034062706655608	0.12719213706558358	0.10122690128228216	0.09339667461960388	0.10980910129247548				1.1717249540782309	1.09003264615262	1.256505291127055	9.878796913988227	9.106713270847283	10.707019324541355	0.7133436607538189	0.7133436607538189	0.7133436607538189						
25	real	683.0	0.11803096426988406			0.09496140604744659						1.2429361483012475			10.530593865684331			0.7133436607538189			0					
26	BD(p)		0.26926314771280546	0.25616436120339114	0.2826109930916164	0.06702623787175334	0.05774129817103803	0.07751595221900467				4.017279743911753	3.8218519991160913	4.216423330104826	14.919530496600153	12.900570416457178	17.318626904401356	0.4148437965193866	0.4148437965193866	0.4148437965193866						
26	BDPN(p)		0.2692809666310558	0.2561813100572737	0.2826288117719585	0.0667261166872811	0.0569698962415128	0.08007666622719654	13.83860027859017	0.001	1000000.0	4.0356157378837	3.839295957501831	4.2356550298967335	14.986635663013391	12.488032370912672	17.553130091034294	0.4148437965193866	0.4148437965193866	0.4148437965193866	0.0015759468709091568	0.0	0.027901581084273853	0.07226164350935907	1e-06	1000.0
26	real	646.0	0.27443384395468523			0.06153901266128025						4.4595100260254315			16.24985447043401			0.4148437965193866			0					
27	BD(p)		0.1395087832065417	0.1324751340593345	0.14713711337024404	0.07109341390833125	0.06506976115058402	0.07776865952343462				1.9623306230085689	1.8633953101499616	2.0696307193794983	14.066000562153516	12.858650337140787	15.368121571643801	0.6599776951434753	0.6599776951434753	0.6599776951434753						
27	BDPN(p)		0.1395087832065417	0.1324751340593345	0.14713711337024404	0.07109341390833125	0.06506976115058402	0.07776865952343462	966603.7702581502	0.001	1000000.0	1.9623306230085689	1.8633953101499616	2.0696307193794983	14.066000562153516	12.858650337140787	15.368121571643801	0.6599776951434753	0.6599776951434753	0.6599776951434753	0.0	0.0	0.0029296875	1.03455007187995e-06	1e-06	1000.0
27	real	962.0	0.13488320455680927			0.07243478931102565						1.8621329038128096			13.80552093147022			0.6599776951434753			0					
28	BD(p)		0.39263216627460396	0.36433062300866587	0.42218446234360185	0.15307950707441195	0.1328814475410916	0.1759641869562996				2.5648904531927026	2.3800091205648104	2.757942394852225	6.532553044568533	5.682974571685705	7.525505015971209	0.8933722996731404	0.8933722996731404	0.8933722996731404						
28	BDPN(p)		0.39263216627460396	0.36433062300866587	0.42218446234360185	0.15307950707441195	0.1328814475410916	0.1759641869562996	141621.80028447905	0.001	1000000.0	2.5648904531927026	2.3800091205648104	2.757942394852225	6.532553044568533	5.682974571685705	7.525505015971209	0.8933722996731404	0.8933722996731404	0.8933722996731404	0.0	0.0	0.0048828125	7.061059794405074e-06	1e-06	1000.0
28	real	512.0	0.3913566550473548			0.14067435147182997						2.782004330943896			7.108616386266049			0.8933722996731404			0					
29	BDPN(p)		0.361509578394572	0.3396818500152131	0.3843894876907208	0.1343248683636423	0.117659259818187	0.1524422464339978	999943.2374464377	0.001	1000000.0	2.6913078925631155	2.52880835956326	2.861640531447292	7.444637855834816	6.559861346788571	8.499118569547779	0.7184644934752505	0.7184644934752505	0.7184644934752505	0.0	0.0	0.00390625	1.0000567657757328e-06	1e-06	1000.0
29	real	605.0	0.3759500434389412			0.14094597227623645						2.667334421604657			7.094917178904022			0.7184644934752505			0					
29	BD(p)		0.361509578394572	0.3396818500152131	0.3843894876907208	0.1343248683636423	0.117659259818187	0.1524422464339978				2.6913078925631155	2.52880835956326	2.861640531447292	7.444637855834816	6.559861346788571	8.499118569547779	0.7184644934752505	0.7184644934752505	0.7184644934752505						
30	real	732.0	0.4979600222545125			0.16513245147790384						3.0155188625728355			6.055744894781077			0.8257994576131525			0					
30	BD(p)		0.5120672139921522	0.4831200475746279	0.5425691650659439	0.1622540737498776	0.14272721325672838	0.1841850240637354				3.1559590595027416	2.9775526518944635	3.3439478746298854	6.1631734531457605	5.429323068383453	7.0063723461150005	0.8257994576131525	0.8257994576131525	0.8257994576131525						
30	BDPN(p)		0.5120672139921522	0.4831200475746279	0.5425691650659439	0.1622540737498776	0.14272721325672838	0.1841850240637354	755642.457499622	0.001	1000000.0	3.1559590595027416	2.9775526518944635	3.3439478746298854	6.1631734531457605	5.429323068383453	7.0063723461150005	0.8257994576131525	0.8257994576131525	0.8257994576131525	0.0	0.0	0.00390625	1.3233772005201284e-06	1e-06	1000.0
31	real	867.0	0.23432088272796459			0.16683142164565526						1.4045368697130378			5.994074678114107			0.7459431396944559			0					
31	BD(p)		0.23276143629315685	0.2191816646353547	0.247063221360196	0.15650484195914727	0.1443560261810889	0.1698541928237604				1.4872475086356431	1.4004784893017437	1.5786298894489623	6.389578670422425	5.887402503143347	6.927317317155433	0.7459431396944559	0.7459431396944559	0.7459431396944559						
31	BDPN(p)		0.23276143629315685	0.2191816646353547	0.247063221360196	0.15650484195914727	0.1443560261810889	0.1698541928237604	487190.370787821	0.001	1000000.0	1.4872475086356431	1.4004784893017437	1.5786298894489623	6.389578670422425	5.887402503143347	6.927317317155433	0.7459431396944559	0.7459431396944559	0.7459431396944559	0.0	0.0	0.0029296875	2.0525857241039677e-06	1e-06	1000.0
32	real	842.0	0.23554933829525906			0.09433331626220433						2.49698990376356			10.600708632149095			0.4093710374718479			0					
32	BDPN(p)		0.23944079572603835	0.2282638834263803	0.2508821473404671	0.08844804134334007	0.07888341182141226	0.0989375309669298	258007.8197345808	0.001	1000000.0	2.707135082806078	2.5807680979649867	2.8364918378077566	11.30607286280283	10.107387866129924	12.676936467504033	0.4093710374718479	0.4093710374718479	0.4093710374718479	0.0	0.0	0.0029296875	3.875851518875378e-06	1e-06	1000.0
32	BD(p)		0.23944079572603835	0.2282638834263803	0.2508821473404671	0.08844804134334007	0.07888341182141226	0.0989375309669298				2.707135082806078	2.5807680979649867	2.8364918378077566	11.30607286280283	10.107387866129924	12.676936467504033	0.4093710374718479	0.4093710374718479	0.4093710374718479						
33	BDPN(p)		0.10129681419628622	0.0965954010308353	0.10701828046970352	0.06669641722698688	0.061563884631128524	0.07241808148546375	995726.8728931613	0.001	1000000.0	1.5187744470822826	1.4482847062398219	1.6045581594808889	14.99330910979394	13.808706050860057	16.243289486875074	0.291684716324338	0.291684716324338	0.291684716324338	0.0	0.0	0.0029296875	1.0042914650826117e-06	1e-06	1000.0
33	real	850.0	0.10041713120184906			0.06620493514150831						1.51676202064415			15.104614147911654			0.291684716324338			0					
33	BD(p)		0.10129681419628622	0.0965954010308353	0.10701828046970352	0.06669641722698688	0.061563884631128524	0.07241808148546375				1.5187744470822826	1.4482847062398219	1.6045581594808889	14.99330910979394	13.808706050860057	16.243289486875074	0.291684716324338	0.291684716324338	0.291684716324338						
34	BDPN(p)		0.34042173953200305	0.31854494772622943	0.3633021314904793	0.12593740965024935	0.10934415993107563	0.14405493969978	268646.5678700345	0.001	1000000.0	2.7031026005490744	2.5293909777157206	2.8847832625701457	7.940452346742548	6.941795970926551	9.145435847971614	0.7054616691758253	0.7054616691758253	0.7054616691758253	0.0	0.0	0.0048828125	3.7223628350382597e-06	1e-06	1000.0
34	real	557.0	0.3527683397823519			0.12284441627757577						2.871667679101072			8.140378132779176			0.7054616691758253			0					
34	BD(p)		0.34042173953200305	0.31854494772622943	0.3633021314904793	0.12593740965024935	0.10934415993107563	0.14405493969978				2.7031026005490744	2.5293909777157206	2.8847832625701457	7.940452346742548	6.941795970926551	9.145435847971614	0.7054616691758253	0.7054616691758253	0.7054616691758253						
35	real	895.0	0.3249067691625081			0.0888325858730304						3.6575178575449967			11.257130366882636			0.6508752491283276			0					
35	BD(p)		0.34271091605381193	0.3266932168637895	0.3598711707263498	0.08755588271443912	0.07673639737513424	0.098998972513755				3.914196344425574	3.7312537631456424	4.110188368496709	11.421277120367456	10.101114936935927	13.031625593672205	0.6508752491283276	0.6508752491283276	0.6508752491283276						
35	BDPN(p)		0.34271091605381193	0.3266932168637895	0.3598711707263498	0.08755588271443912	0.07673639737513424	0.098998972513755	921698.2564385494	0.001	1000000.0	3.914196344425574	3.7312537631456424	4.110188368496709	11.421277120367456	10.101114936935927	13.031625593672205	0.6508752491283276	0.6508752491283276	0.6508752491283276	0.0	0.0	0.0029296875	1.0849537720338208e-06	1e-06	1000.0
36	BD(p)		0.28239427477739426	0.2719519091118269	0.2928817298240265	0.0742906513447283	0.061693820644853126	0.08859470335453				3.801208761342124	3.660647796044997	3.942376658739708	13.460643861631189	11.287356491259905	16.20907879504827	0.11235967607571384	0.11235967607571384	0.11235967607571384						
36	BDPN(p)		0.28239427477739426	0.2719519091118269	0.2928817298240265	0.0742906513447283	0.061693820644853126	0.08859470335453	802575.6490983114	0.001	1000000.0	3.801208761342124	3.660647796044997	3.942376658739708	13.460643861631189	11.287356491259905	16.20907879504827	0.11235967607571384	0.11235967607571384	0.11235967607571384	0.0	0.0	0.00390625	1.2459884636712982e-06	1e-06	1000.0
36	real	542.0	0.28370419934445007			0.06442106404683101						4.403904274822452			15.522873066378539			0.11235967607571384			0					
37	BD(p)		0.17208418301824693	0.16272801675943654	0.18161928505965336	0.10022005236157046	0.09169332911174803	0.1097558397527337				1.7170633916395048	1.6237071616401877	1.8122050505862195	9.978043080562703	9.111132512428275	10.905918780430419	0.5929454533911118	0.5929454533911118	0.5929454533911118						
37	BDPN(p)		0.17185520741998378	0.1625115632642034	0.1813903116450717	0.09955000580487804	0.09108086468102132	0.1090857995861032	19.481020513483926	0.001	1000000.0	1.726320415860415	1.6324616151477933	1.8221024718030043	10.045202829621523	9.16709602711106	10.979254572320409	0.5929454533911118	0.5929454533911118	0.5929454533911118	0.005783513799027811	0.0	0.03491094991819692	0.05133201308975795	1e-06	1000.0
37	real	858.0	0.17298635253076802			0.11180203321572808						1.5472558732181683			8.94438116407459			0.5929454533911118			0					
38	BDPN(p)		0.8706069053507325	0.8238995032078709	0.91920195143974	0.1942631558669524	0.16557565616795167	0.2266817836561642	602449.391401654	0.001	1000000.0	4.481585308677866	4.241151645719921	4.731735914293938	5.1476565153964815	4.411470493442126	6.03953517771749	0.550020021108926	0.550020021108926	0.550020021108926	0.0	0.0	0.00390625	1.6598904642818344e-06	1e-06	1000.0
38	real	598.0	0.9069541712108881			0.18729858601320923						4.842290540020015			5.339068603163267			0.550020021108926			0					
38	BD(p)		0.8706069053507325	0.8238995032078709	0.91920195143974	0.1942631558669524	0.16557565616795167	0.2266817836561642				4.481585308677866	4.241151645719921	4.731735914293938	5.1476565153964815	4.411470493442126	6.03953517771749	0.550020021108926	0.550020021108926	0.550020021108926						
39	real	779.0	0.1754747131190119			0.13623419805389633						1.2880371861519777			7.340300851658294			0.4825203559928689			0					
39	BD(p)		0.17892694806910794	0.16919656809657865	0.18941548853119294	0.12860884416667906	0.11863940321615722	0.1390979124866808				1.3912491728579406	1.3155904571951311	1.4728029767976734	7.775515023710071	7.189180499712777	8.428902817203419	0.4825203559928689	0.4825203559928689	0.4825203559928689						
39	BDPN(p)		0.17892694806910794	0.16919656809657865	0.18941548853119294	0.12860884416667906	0.11863940321615722	0.1390979124866808	116123.49408437315	0.001	1000000.0	1.3912491728579406	1.3155904571951311	1.4728029767976734	7.775515023710071	7.189180499712777	8.428902817203419	0.4825203559928689	0.4825203559928689	0.4825203559928689	0.0	0.0	0.00390625	8.611521793112932e-06	1e-06	1000.0
40	real	691.0	0.5346025878938777			0.18030756829570233						2.96494813249955			5.5460788998053125			0.3120787275915945			0					
40	BD(p)		0.5327798384585641	0.5094106072763029	0.5566089939075145	0.16926704618091087	0.14823366540829702	0.1921513555594315				3.1475697749763683	3.009508458792683	3.2883482430042323	5.907824485406393	5.204230785094331	6.746105867689266	0.3120787275915945	0.3120787275915945	0.3120787275915945						
40	BDPN(p)		0.5327798384585641	0.5094106072763029	0.5566089939075145	0.16926704618091087	0.14823366540829702	0.1921513555594315	396509.1144597371	0.001	1000000.0	3.1475697749763683	3.009508458792683	3.2883482430042323	5.907824485406393	5.204230785094331	6.746105867689266	0.3120787275915945	0.3120787275915945	0.3120787275915945	0.0	0.0	0.00390625	2.522010121665295e-06	1e-06	1000.0
41	BDPN(p)		0.3441078074633256	0.3307051587342894	0.3584079997077486	0.19177716672002398	0.17538225395502194	0.20894001234208576	5.7290507949208616	0.001	1000000.0	1.7943106228370214	1.7244240510502835	1.8688773321538812	5.214385096531865	4.786062701876153	5.701831157081933	0.15314938120784724	0.15314938120784724	0.15314938120784724	0.0013174032743746738	0.0	0.016921818848212568	0.17454898477886746	1e-06	1000.0
41	BD(p)		0.3443625663805296	0.3309499661312901	0.35866275498059697	0.19220695724422251	0.17577510935604715	0.20936979548844095				1.7916238377520053	1.7218417630469929	1.8660237908291315	5.202725303691152	4.776238127696928	5.689087628296773	0.15314938120784724	0.15314938120784724	0.15314938120784724						
41	real	909.0	0.3558845882247927			0.1954596059622215						1.8207577288044785			5.116146607771635			0.15314938120784724			0					
42	BD(p)		0.8573276644976929	0.8138422752849195	0.9021119296341908	0.1889850587097484	0.16181534319310506	0.2185433753822452				4.536483838198102	4.306384223394371	4.773456355720132	5.2914236015654765	4.575750686795887	6.1798836888207385	0.5263841830199695	0.5263841830199695	0.5263841830199695						
42	real	663.0	0.8157244584002257			0.19538861570180296						4.174882223666312			5.11800544984757			0.5263841830199695			0					
42	BDPN(p)		0.8573108315373399	0.8138262971233344	0.9020950974283366	0.18895515045106945	0.1617897576124383	0.21851346800777108	7.36240241124619	0.001	1000000.0	4.537112798940844	4.306981287255663	4.774122829014588	5.292261140343743	4.576376957984286	6.1808609812956465	0.5263841830199695	0.5263841830199695	0.5263841830199695	8.364620073152705e-05	0.0	0.022542704928644783	0.13582522988318102	1e-06	1000.0
43	real	838.0	0.1314794911812732			0.09074356687366236						1.44891253133487			11.020064941818399			0.2479034349090582			0					
43	BD(p)		0.13413908114522907	0.1273781121808229	0.1408139058850972	0.0946723823740522	0.08735422750107938	0.10230105461234584				1.4168765777462249	1.3454622033018016	1.4873810329261503	10.562742532969995	9.775070294136718	11.447642874383428	0.2479034349090582	0.2479034349090582	0.2479034349090582						
43	BDPN(p)		0.1341036156044713	0.1273444476245567	0.14077844058109745	0.0946162950657626	0.08730252201374987	0.10224496773196844	8.818793664702051	0.001	1000000.0	1.4173416482991987	1.345903974955335	1.4878879001048402	10.56900398927008	9.780432447506508	11.45442281544287	0.2479034349090582	0.2479034349090582	0.2479034349090582	0.0004985577574387948	0.0	0.012211465283718808	0.11339419403841848	1e-06	1000.0
44	BDPN(p)		0.1899101728017591	0.1766274262766354	0.20421257086103947	0.16156895433970056	0.148397282304022	0.17587175782336306	801691.1675628078	0.001	1000000.0	1.1754125263599269	1.0932015188095745	1.2639344711712388	6.189307866024118	5.685961250267089	6.7386678817425825	0.5684845355188921	0.5684845355188921	0.5684845355188921	0.0	0.0	0.0048828125	1.2473631249300949e-06	1e-06	1000.0
44	real	560.0	0.20638463328074874			0.167122539268485						1.234929975239238			5.983633352970327			0.5684845355188921			0					
44	BD(p)		0.1899101728017591	0.1766274262766354	0.20421257086103947	0.16156895433970056	0.148397282304022	0.17587175782336306				1.1754125263599269	1.0932015188095745	1.2639344711712388	6.189307866024118	5.685961250267089	6.7386678817425825	0.5684845355188921	0.5684845355188921	0.5684845355188921						
45	BDPN(p)		0.09221456829605393	0.08722627159236349	0.09793608653849914	0.06488209658596131	0.059891307790183076	0.07060377122606415	12.75043637656318	0.001	1000000.0	1.4212636944288668	1.3443812111835616	1.5094470076000874	15.412572228998721	14.16354937752729	16.69691374086028	0.4950989334761262	0.4950989334761262	0.4950989334761262	0.00123419571374471	0.0	0.028544198174697007	0.07842868827910228	1e-06	1000.0
45	BD(p)		0.09224864830916904	0.08725848785476137	0.09797016635660684	0.06496410050896004	0.059966905156697524	0.07068577467983267				1.419994236608353	1.343180112879827	1.5080662333359718	15.393117001013154	14.147118066250885	16.675864752181777	0.4950989334761262	0.4950989334761262	0.4950989334761262						
45	real	819.0	0.08957928884750833			0.06510877744360932						1.3758404375676214			15.358912258275767			0.4950989334761262			0					
46	BD(p)		0.15049839455268288	0.14349065730802585	0.15812664087230452	0.08003262443819219	0.07324075827553506	0.08766140836897499				1.8804630687690391	1.792902061069373	1.975777278107667	12.494904509501405	11.407528336653085	13.653599765283074	0.3668173851718088	0.3668173851718088	0.3668173851718088						
46	real	914.0	0.14720913710879166			0.07381767758079381						1.994226070681654			13.546890565684555			0.3668173851718088			0					
46	BDPN(p)		0.15044799915629067	0.14344262419583953	0.1580762458603987	0.07993765117579392	0.07192054597825236	0.08756643583116523	15.533236819827149	0.001	1000000.0	1.8820667976024807	1.794431310977469	1.977494253774948	12.509749602235146	11.41990067893224	13.904232599991445	0.3668173851718088	0.3668173851718088	0.3668173851718088	0.0007968237817297103	0.0	0.0095788829477106	0.0643780824047932	1e-06	1000.0
47	BD(p)		0.5782079044319197	0.5494602451291579	0.6077547141576456	0.1332503355304685	0.11516923496966225	0.15327482754912414				4.339260401334666	4.123518660885628	4.5609995032146	7.504671534364308	6.524228511557142	8.682874382758719	0.5714911043821995	0.5714911043821995	0.5714911043821995						
47	real	712.0	0.573195608579768			0.1305803967791127						4.389599225597198			7.658117333580942			0.5714911043821995			0					
47	BDPN(p)		0.5782079044319197	0.5494602451291579	0.6077547141576456	0.1332503355304685	0.11516923496966225	0.15327482754912414	851842.8678863309	0.001	1000000.0	4.339260401334666	4.123518660885628	4.5609995032146	7.504671534364308	6.524228511557142	8.682874382758719	0.5714911043821995	0.5714911043821995	0.5714911043821995	0.0	0.0	0.0029296875	1.173925424158671e-06	1e-06	1000.0
48	BDPN(p)		0.2868537252835591	0.2728960238536977	0.3011547365541973	0.07810302078563289	0.06786277583754102	0.08954621876436841	13.361953293424303	2.0119930921377156	48.453719004135685	3.672760955954293	3.494052100785033	3.8558654137177104	12.803602087871495	11.167417382875724	14.735618867019728	0.5089422692270921	0.5089422692270921	0.5089422692270921	0.011342684473100715	0.0007089177795687947	0.030652397666985468	0.07483935754304133	0.02063825069680713	0.4970195990770094
48	BD(p)		0.28662163444747724	0.2726752655779715	0.3009226490382015	0.08025806927205556	0.06973160694686067	0.09170124258821837				3.571250056812341	3.397481001613282	3.749437929015537	12.45980633561269	10.904977640166443	14.340699200608631	0.5089422692270921	0.5089422692270921	0.5089422692270921						
48	real	710.0	0.29241856245056547			0.09049749015506957						3.2312339485824353			11.050030208423202			0.5089422692270921			0					
49	BD(p)		0.3354319909709744	0.3223682413236707	0.3487789529004163	0.0707043053697435	0.058723877884318834	0.08405480179510974				4.744152272154503	4.559386300987859	4.932923830826139	14.143410288391435	11.897000274149473	17.028848162410473	0.14133192737153993	0.14133192737153993	0.14133192737153993						
49	BDPN(p)		0.3354319909709744	0.3223682413236707	0.3487789529004163	0.0707043053697435	0.058723877884318834	0.08405480179510974	136255.61576652186	0.001	1000000.0	4.744152272154503	4.559386300987859	4.932923830826139	14.143410288391435	11.897000274149473	17.028848162410473	0.14133192737153993	0.14133192737153993	0.14133192737153993	0.0	0.0	0.00390625	7.339147046339217e-06	1e-06	1000.0
49	real	568.0	0.33828236443735993			0.08943254360743098						3.782542135022669			11.181611968787944			0.14133192737153993			0					
50	BDPN(p)		0.3623629679177809	0.3440125047032061	0.3814295427207916	0.09746194954889448	0.08615781483613343	0.10985850735172027	11.142370319001177	0.001	1000000.0	3.7179942489862814	3.5297108902035936	3.913625209492006	10.260414496411467	9.102617759027297	11.606608198013554	0.8111768807045533	0.8111768807045533	0.8111768807045533	0.0021677652994210096	0.0	0.02165667613341669	0.0897475107513427	1e-06	1000.0
50	real	914.0	0.3609828002897093			0.09599252043652963						3.7605304939189668			10.417478314481816			0.8111768807045533			0					
50	BD(p)		0.3623721791318249	0.3440212481602869	0.3814387537591455	0.0978437276955752	0.08649485335624997	0.11024028076520484				3.703581084515574	3.516027611199084	3.898448707370696	10.220379206231154	9.071094458928755	11.561381529618393	0.8111768807045533	0.8111768807045533	0.8111768807045533						
51	BDPN(p)		0.17005884087106024	0.16279459380238187	0.17768693795631973	0.09393781526917834	0.08522489508769288	0.1034736625724232	9.36249824216084	0.001	1000000.0	1.8103342129445683	1.7330038316932832	1.8915379013995448	10.64534018738359	9.664295001639482	11.733660674748164	0.1174536765106809	0.1174536765106809	0.1174536765106809	0.0013797339292619265	0.0	0.010156669861524272	0.10680909882544368	1e-06	1000.0
51	real	794.0	0.17146546818992972			0.09246167307444317						1.8544491191704768			10.815292074532065			0.1174536765106809			0					
51	BD(p)		0.17022942061349414	0.16295784394650809	0.1778575163973335	0.0942053143774298	0.08546731615454578	0.10374115912960437				1.8070044321648016	1.7298158285807956	1.887977526243949	10.615112391574216	9.639375618993178	11.700379103887572	0.1174536765106809	0.1174536765106809	0.1174536765106809						
52	BDPN(p)		0.8194625055773341	0.7866920341626167	0.852813754139484	0.1895632304297528	0.16304652615056875	0.2181680364744144	9.624875499897932	0.001	1000000.0	4.322897978260641	4.150024413379811	4.498835307913339	5.2752846516327665	4.583622863183603	6.133218680639224	0.2857527842229824	0.2857527842229824	0.2857527842229824	2.122172980874641e-05	0.0	0.012716264813317031	0.10389744781743976	1e-06	1000.0
52	real	750.0	0.8128669577697454			0.16890064321021203						4.812693085828331			5.920640567101986			0.2857527842229824			0					
52	BD(p)		0.8194633983797597	0.7866928912180701	0.852814646912109	0.18957316460556567	0.16305506333290798	0.21817797036600825				4.3226761555875886	4.1498114612102315	4.498604265464011	5.27500821163504	4.5834141656118295	6.132897559631799	0.2857527842229824	0.2857527842229824	0.2857527842229824						
53	BD(p)		0.17478896454975273	0.1632482911226207	0.18718456367033232	0.12798666470146025	0.11707374820367852	0.13942929180719565				1.36568106495675	1.2755101596202325	1.4625317731886849	7.81331400683489	7.172094091841268	8.541624534479366	0.7398739443762213	0.7398739443762213	0.7398739443762213						
53	BDPN(p)		0.17478896454975273	0.1632482911226207	0.18718456367033232	0.12798666470146025	0.11707374820367852	0.13942929180719565	499638.5296627658	0.001	1000000.0	1.36568106495675	1.2755101596202325	1.4625317731886849	7.81331400683489	7.172094091841268	8.541624534479366	0.7398739443762213	0.7398739443762213	0.7398739443762213	0.0	0.0	0.00390625	2.001446927391601e-06	1e-06	1000.0
53	real	686.0	0.18266982965041165			0.14216430207225916						1.284920524968106			7.034114650608426			0.7398739443762213			0					
54	real	807.0	0.46955312440826996			0.1423536506194116						3.298497245171743			7.024758379211093			0.7968759684083102			0					
54	BD(p)		0.4589182104720263	0.43387580833683737	0.4846556002352073	0.1321295500172168	0.11625058106981945	0.15024696786632802				3.473244330372942	3.283715174087116	3.668033382177231	7.568329717839028	6.655708359383876	8.60210754042946	0.7968759684083102	0.7968759684083102	0.7968759684083102						
54	BDPN(p)		0.4589182104720263	0.43387580833683737	0.4846556002352073	0.1321295500172168	0.11625058106981945	0.15024696786632802	681639.9407276119	0.001	1000000.0	3.473244330372942	3.283715174087116	3.668033382177231	7.568329717839028	6.655708359383876	8.60210754042946	0.7968759684083102	0.7968759684083102	0.7968759684083102	0.0	0.0	0.0029296875	1.4670501833160728e-06	1e-06	1000.0
55	BDPN(p)		0.18486067378733606	0.1755239989465729	0.19534915200216105	0.1174434065310102	0.1074365512822515	0.12793259198111412	352583.9449868969	0.001	1000000.0	1.5740404612542016	1.4945411081909217	1.6633471198792267	8.514739392678942	7.8166164267790625	9.307819248338063	0.4430365966019007	0.4430365966019007	0.4430365966019007	0.0	0.0	0.0029296875	2.836204013875796e-06	1e-06	1000.0
55	real	811.0	0.18795999525274787			0.11397735748709184						1.6490994298936499			8.773672438521414			0.4430365966019007			0					
55	BD(p)		0.18486067378733606	0.1755239989465729	0.19534915200216105	0.1174434065310102	0.1074365512822515	0.12793259198111412				1.5740404612542016	1.4945411081909217	1.6633471198792267	8.514739392678942	7.8166164267790625	9.307819248338063	0.4430365966019007	0.4430365966019007	0.4430365966019007						
56	BD(p)		0.17099711218183575	0.16103634388993132	0.1814857358312098	0.0862676054695265	0.07760761428902771	0.09580352592159223				1.9821706102905503	1.8667070102788053	2.1037530234372683	11.591836756767798	10.43802918922235	12.885333599816398	0.6624635561063753	0.6624635561063753	0.6624635561063753						
56	BDPN(p)		0.17099711218183575	0.16103634388993132	0.1814857358312098	0.0862676054695265	0.07760761428902771	0.09580352592159223	201145.9611374982	0.001	1000000.0	1.9821706102905503	1.8667070102788053	2.1037530234372683	11.591836756767798	10.43802918922235	12.885333599816398	0.6624635561063753	0.6624635561063753	0.6624635561063753	0.0	0.0	0.00390625	4.971514189720298e-06	1e-06	1000.0
56	real	758.0	0.17850530167064832			0.08734824238737895						2.0436049632114948			11.448427268463172			0.6624635561063753			0					
57	BD(p)		0.7649697069854398	0.7284125628035193	0.8021345535787505	0.2326521317214254	0.20369561525624724	0.2641160623088632				3.288040824407336	3.1309086119860314	3.447785101488844	4.298262786594137	3.78621425466573	4.909285841730118	0.44547915133129024	0.44547915133129024	0.44547915133129024						
57	BDPN(p)		0.7649548493556831	0.7283984161345616	0.8021196965015984	0.23266367773644	0.203705718019385	0.2641276079605103	11.185599503721768	0.001	1000000.0	3.287813795422848	3.1306924364863127	3.4475501475147947	4.298049483825292	3.786048750153789	4.9090423662277285	0.44547915133129024	0.44547915133129024	0.44547915133129024	1.6911238588572953e-06	0.0	0.020509468942607845	0.08940066195533564	1e-06	1000.0
57	real	699.0	0.7501885047619905			0.19269992224529842						3.893039997219272			5.1894156901996285			0.44547915133129024			0					
58	BD(p)		0.3339359852622569	0.3176793453568733	0.3501430347162312	0.14762535641621727	0.13445198455069776	0.16192835936464806				2.2620503236635887	2.15192940473724	2.371835321630197	6.773904051960994	6.175570504905138	7.437599402803388	0.6585497197948721	0.6585497197948721	0.6585497197948721						
58	BDPN(p)		0.3339359852622569	0.3176793453568733	0.3501430347162312	0.14762535641621727	0.13445198455069776	0.16192835936464806	889290.7503814875	0.001	1000000.0	2.2620503236635887	2.15192940473724	2.371835321630197	6.773904051960994	6.175570504905138	7.437599402803388	0.6585497197948721	0.6585497197948721	0.6585497197948721	0.0	0.0	0.0029296875	1.1244916238823136e-06	1e-06	1000.0
58	real	1000.0	0.34512047297542636			0.14185974461332482						2.4328288050718045			7.049216130522137			0.6585497197948721			0					
59	BD(p)		0.2872863753905917	0.271070936159484	0.3044475814884263	0.1579625857633191	0.142021073146732	0.17512601185113366				1.818698864685863	1.7160451941805959	1.9273398192189053	6.330613006666878	5.710174002306711	7.0412085885791695	0.4181846912892804	0.4181846912892804	0.4181846912892804						
59	real	612.0	0.2885342733916721			0.1480112374092576						1.9494078857935773			6.756243765701086			0.4181846912892804			0					
59	BDPN(p)		0.28656319641313666	0.2703887184912989	0.3037244149251611	0.15629713035147566	0.13991813613471846	0.17346058502872716	4.201369927342029	0.001	1000000.0	1.8334514252995118	1.729965981353963	1.9432501047342072	6.398070122920581	5.76499842793905	7.147036314414325	0.4181846912892804	0.4181846912892804	0.4181846912892804	0.008278538782022327	0.0	0.038301356455613465	0.23801760313751855	1e-06	1000.0
60	BDPN(p)		0.1996575704589155	0.1880174784398384	0.21109937735622625	0.10168515116975367	0.09145931550407556	0.11312807927242433	8.721139232524157	0.001	1000000.0	1.9634879641925904	1.8490160684912695	2.0760098689710937	9.834277556716174	8.839538392514337	10.933823356194246	0.6294314533592319	0.6294314533592319	0.6294314533592319	0.012520061865188704	0.0	0.035664122915223334	0.11466391870808032	1e-06	1000.0
60	BD(p)		0.2001292214964956	0.18846149367443527	0.21157102299618855	0.10338283676512633	0.09298457990616818	0.1138721697164771				1.9358070232795581	1.8229475952821619	2.046481114431529	9.672785457337401	8.78177699160238	10.754471343626133	0.6294314533592319	0.6294314533592319	0.6294314533592319						
60	real	746.0	0.20511745325269576			0.10319243797782142						1.9877178722803364			9.690632565682037			0.6294314533592319			0					
61	real	788.0	0.06203974935583697			0.05990004863585903						1.0357211850191557			16.69447726293418			0.5106341599422953			0					
61	BDPN(p)		0.06536309491267588	0.061340401480633626	0.07013115481918282	0.060170133305233166	0.055547466640761815	0.06493821797371069	344394.67305768817	0.001	1000000.0	1.0863046385671056	1.0194493199718186	1.1655476058764744	16.619541042516307	15.39925226166255	18.00262119003966	0.5106341599422953	0.5106341599422953	0.5106341599422953	0.0	0.0	0.00390625	2.9036453761655427e-06	1e-06	1000.0
61	BD(p)		0.06536309491267588	0.061340401480633626	0.07013115481918282	0.060170133305233166	0.055547466640761815	0.06493821797371069				1.0863046385671056	1.0194493199718186	1.1655476058764744	16.619541042516307	15.39925226166255	18.00262119003966	0.5106341599422953	0.5106341599422953	0.5106341599422953						
62	real	720.0	0.22804973772645284			0.1327932883233871						1.7173287942918534			7.530501071445215			0.737207038951936			0					
62	BDPN(p)		0.22125919012452824	0.2074929907417452	0.23556113973251866	0.1416191778845856	0.12898542362151738	0.1549687274942559	102233.5920017492	0.001	1000000.0	1.5623533015058615	1.4651475445708653	1.6633420928660685	7.061190545922834	6.452914831071747	7.752814015127053	0.737207038951936	0.737207038951936	0.737207038951936	0.0	0.0	0.00390625	9.781520735208934e-06	1e-06	1000.0
62	BD(p)		0.22125919012452824	0.2074929907417452	0.23556113973251866	0.1416191778845856	0.12898542362151738	0.1549687274942559				1.5623533015058615	1.4651475445708653	1.6633420928660685	7.061190545922834	6.452914831071747	7.752814015127053	0.737207038951936	0.737207038951936	0.737207038951936						
63	real	893.0	0.2330799242492134			0.09099631712181368						2.561421512666246			10.989455745349936			0.3855944208578744			0					
63	BDPN(p)		0.22989577726090515	0.22006041183172564	0.24038378303869345	0.08580591433120603	0.07653026745123037	0.0953418391863016	848253.2681079233	0.001	1000000.0	2.679253278200852	2.564629880666556	2.801482682310516	11.654208311796035	10.488574675447175	13.066725536236488	0.3855944208578744	0.3855944208578744	0.3855944208578744	0.0	0.0	0.0029296875	1.178893188623436e-06	1e-06	1000.0
63	BD(p)		0.22989577726090515	0.22006041183172564	0.24038378303869345	0.08580591433120603	0.07653026745123037	0.0953418391863016				2.679253278200852	2.564629880666556	2.801482682310516	11.654208311796035	10.488574675447175	13.066725536236488	0.3855944208578744	0.3855944208578744	0.3855944208578744						
64	BD(p)		0.2581929629338541	0.2451323827848693	0.2715409561155776	0.16581505122964724	0.15229506655846525	0.18011779397240651				1.5571141522989196	1.4783482016078908	1.6376134379954699	6.030815614048449	5.551922316754539	6.566200879633257	0.348237147311161	0.348237147311161	0.348237147311161						
64	BDPN(p)		0.2581808623506789	0.2451208966844335	0.2715288556939627	0.16578848663704354	0.15033956601482076	0.18009122975981234	5.797784469711464	0.001	1000000.0	1.5572906634699402	1.4785157983923836	1.6378028486888463	6.031781942670567	5.552741248608829	6.651608931087497	0.348237147311161	0.348237147311161	0.348237147311161	0.00012769810007798356	0.0	0.01868001620173669	0.17247967826747554	1e-06	1000.0
64	real	778.0	0.2569666017821605			0.16359995492992285						1.5707009326025227			6.112471121574236			0.348237147311161			0					
65	BDPN(p)		0.2272341137804771	0.21221075466224232	0.24344289313463524	0.10958668586175213	0.09686168361232804	0.12389023295772995	4.54521853458064	0.001	1000000.0	2.0735558520963195	1.9364647538475108	2.2214641424757384	9.12519611425734	8.071661309581922	10.323999776860427	0.7024871858430369	0.7024871858430369	0.7024871858430369	0.014500483358486518	0.0	0.05299655822729564	0.2200114235194335	1e-06	1000.0
65	real	558.0	0.22773184287122133			0.1017290872908337						2.238610892282537			9.830030197175523			0.7024871858430369			0					
65	BD(p)		0.2278861287798645	0.21281947179057664	0.24409489756325334	0.11152342448747088	0.0985714606803454	0.12487337591879985				2.0433924964837	1.9082939101684944	2.188732086420788	8.966726090018382	8.008112158753999	10.144924231597539	0.7024871858430369	0.7024871858430369	0.7024871858430369						
66	BDPN(p)		0.2639077706401225	0.25209746063089833	0.27630226488658793	0.08511376899203388	0.07591382550853018	0.09464970044794176	559527.015381625	0.001	1000000.0	3.1006472133177727	2.9618881130089902	3.246269882754788	11.748980357027705	10.565273796613962	13.172831079203535	0.5341144227448833	0.5341144227448833	0.5341144227448833	0.0	0.0	0.0029296875	1.7872238024431236e-06	1e-06	1000.0
66	real	940.0	0.26000219318699314			0.0880622898752285						2.952480494833584			11.355598422626246			0.5341144227448833			0					
66	BD(p)		0.2639077706401225	0.25209746063089833	0.27630226488658793	0.08511376899203388	0.07591382550853018	0.09464970044794176				3.1006472133177727	2.9618881130089902	3.246269882754788	11.748980357027705	10.565273796613962	13.172831079203535	0.5341144227448833	0.5341144227448833	0.5341144227448833						
67	real	905.0	0.5503508736226408			0.1268559550206135						4.338392104124804			7.882956695548938			0.400398770580008			0					
67	BD(p)		0.5456903291444603	0.5238814390126996	0.5676128689722169	0.1165993953468729	0.10124635065236634	0.1328099683623521				4.680044244835745	4.4930030507808265	4.868060141166416	8.576373805585256	7.5295552911484025	9.876899202357848	0.400398770580008	0.400398770580008	0.400398770580008						
67	BDPN(p)		0.5457261447085594	0.5239158205551894	0.5686018376221174	0.1157597155747358	0.10051819084996623	0.13197030220349254	8.857915937254555	0.001	1000000.0	4.714301015677879	4.525890703462754	4.911914605172138	8.638583768412843	7.577462378301164	9.948448052478415	0.400398770580008	0.400398770580008	0.400398770580008	0.0026582670418639296	0.0	0.017267765083242882	0.1128933721073382	1e-06	1000.0
68	BD(p)		0.38507841062685016	0.3618236631084276	0.4089110875522559	0.10963208285561173	0.0952043843513508	0.12488919906528495				3.5124609566527014	3.3003446954935507	3.729848753223109	9.12141750802113	8.00709755114417	10.503717941282098	0.8807411117846224	0.8807411117846224	0.8807411117846224						
68	real	702.0	0.40857829226308406			0.10969895554910619						3.724541315985329			9.115857074430895			0.8807411117846224			0					
68	BDPN(p)		0.3849993335689397	0.36174937391925777	0.4088320123796895	0.10836170181794001	0.09410272579524484	0.1236188374120895	10.534205986977193	0.001	1000000.0	3.552909626832757	3.3383507996860176	3.7728459919037984	9.22835266725613	8.089382014380629	10.626684737866878	0.8807411117846224	0.8807411117846224	0.8807411117846224	0.0072700090572281936	0.0	0.039262284155969863	0.09492884430361816	1e-06	1000.0
69	BD(p)		0.4115316244640411	0.3987025111995398	0.4239242885044941	0.1015685699774979	0.08821180677736146	0.11587223177354353				4.05176152972533	3.9254516558406873	4.173774314223512	9.845565416757822	8.630195385848472	11.336350954968063	0.13798650226567902	0.13798650226567902	0.13798650226567902						
69	BDPN(p)		0.4115316244640411	0.3987025111995398	0.4239242885044941	0.1015685699774979	0.08821180677736146	0.11587223177354353	255544.14523805113	0.001	1000000.0	4.05176152972533	3.9254516558406873	4.173774314223512	9.845565416757822	8.630195385848472	11.336350954968063	0.13798650226567902	0.13798650226567902	0.13798650226567902	0.0	0.0	0.0029296875	3.913218199808311e-06	1e-06	1000.0
69	real	897.0	0.4108729203044178			0.08955656322422104						4.5878593987101			11.166127461773174			0.13798650226567902			0					
70	BDPN(p)		0.3894938138897551	0.37735338220570025	0.4018867511498292	0.08017722654595959	0.06904292906293402	0.09257399864073852	444305.68469349545	0.001	1000000.0	4.8579107892499565	4.706490838634731	5.012480082725956	12.472369562780713	10.802169234158326	14.483742413194546	0.16016660224258006	0.16016660224258006	0.16016660224258006	0.0	0.0	0.0029296875	2.2507026906258253e-06	1e-06	1000.0
70	real	894.0	0.38601415778119824			0.08062075529443449						4.78802457718783			12.403753801957164			0.16016660224258006			0					
70	BD(p)		0.3894938138897551	0.37735338220570025	0.4018867511498292	0.08017722654595959	0.06904292906293402	0.09257399864073852				4.8579107892499565	4.706490838634731	5.012480082725956	12.472369562780713	10.802169234158326	14.483742413194546	0.16016660224258006	0.16016660224258006	0.16016660224258006						
71	BD(p)		0.10728294534060344	0.10147059676728916	0.11300437736110355	0.05952820502686002	0.0540411858055919	0.06524991030217611				1.8022203977458373	1.7045801519045318	1.8983333582814117	16.798759504822712	15.325691565995145	18.50440520675113	0.7040170000710573	0.7040170000710573	0.7040170000710573						
71	BDPN(p)		0.10725852314515937	0.10144751016065844	0.11297995530540443	0.0593868783946074	0.05391310854511296	0.06510858447860096	17.75404017780259	0.001	1000000.0	1.806098014319926	1.708247897567055	1.9024397031729403	16.838736553137373	15.358957778120134	18.54836471102809	0.7040170000710573	0.7040170000710573	0.7040170000710573	0.0018460067618680648	0.0	0.011593604352084196	0.056325207670210965	1e-06	1000.0
71	real	944.0	0.10996240145815478			0.05806439166361091						1.8938009734986767			17.222259139359974			0.7040170000710573			0					
72	real	774.0	0.41908446617966644			0.0906523393720197						4.6229856734289525			11.0311549258116			0.3973939424395677			0					
72	BD(p)		0.42588473939208377	0.4076279732463302	0.4449501026134545	0.08738435533578431	0.07523655536668962	0.10073462905845706				4.873695500247994	4.6647706180353845	5.091873721602492	11.443696027250946	9.927072838275826	13.291411271105876	0.3973939424395677	0.3973939424395677	0.3973939424395677						
72	BDPN(p)		0.42588473939208377	0.4076279732463302	0.4449501026134545	0.08738435533578431	0.07523655536668962	0.10073462905845706	61158.291424406016	0.001	1000000.0	4.873695500247994	4.6647706180353845	5.091873721602492	11.443696027250946	9.927072838275826	13.291411271105876	0.3973939424395677	0.3973939424395677	0.3973939424395677	0.0	0.0	0.0029296875	1.6351012703421224e-05	1e-06	1000.0
73	real	749.0	0.3559802640378465			0.10312911525239271						3.451792087681925			9.696582750202532			0.6055059445895916			0					
73	BDPN(p)		0.35437627088383145	0.33643138212801194	0.3734429980209987	0.10338256674360223	0.09058474590065194	0.11768620259021598	63.35734656860013	13.720990089440505	193.525643117628	3.4278145924033354	3.2542370800522984	3.612243435077114	9.672810721367435	8.497172803527407	11.039386268155363	0.6055059445895916	0.6055059445895916	0.6055059445895916	0.006663157513778317	0.0	0.017333768126423274	0.015783489274085218	0.005167273875907929	0.07288103799226464
73	BD(p)		0.3544506028928109	0.3365019394646604	0.3735173286122077	0.10482228743320736	0.09184450150405644	0.11912590268445143				3.3814431221858854	3.210213664523197	3.5633388448063825	9.539955905247718	8.394479936482549	10.887968072381923	0.6055059445895916	0.6055059445895916	0.6055059445895916						
74	BD(p)		0.4551006985395783	0.43913622085654624	0.4713057836150758	0.11249803951837524	0.09420539240989184	0.13252294714659685				4.0454100399255655	3.9035010986553096	4.189457750844569	8.889043793840171	7.545862973404902	10.615103598835997	0.10768758079367027	0.10768758079367027	0.10768758079367027						
74	BDPN(p)		0.4551006985395783	0.43913622085654624	0.4713057836150758	0.11249803951837524	0.09420539240989184	0.13252294714659685	288700.4101670354	0.001	1000000.0	4.0454100399255655	3.9035010986553096	4.189457750844569	8.889043793840171	7.545862973404902	10.615103598835997	0.10768758079367027	0.10768758079367027	0.10768758079367027	0.0	0.0	0.00390625	3.463798334825444e-06	1e-06	1000.0
74	real	610.0	0.4547010317341261			0.11403691360420892						3.9873144349755867			8.769090362009688			0.10768758079367027			0					
75	BDPN(p)		0.31733260119949025	0.2987974878479576	0.3373534065730396	0.1557434391690282	0.13760944239140768	0.17290690335101874	4.7658599476466295	0.001	1000000.0	2.037534312152241	1.91852375574982	2.1660842239839733	6.420816217591684	5.783459078958216	7.266943188067447	0.5605520039894983	0.5605520039894983	0.5605520039894983	0.0017038068952695954	0.0	0.030950765677634738	0.2098257210629527	1e-06	1000.0
75	real	648.0	0.31759667877811465			0.16114612943179696						1.9708613535923205			6.205547744311397			0.5605520039894983			0					
75	BD(p)		0.3174691243842785	0.2989260116273872	0.3365365554694	0.15611768760820538	0.13975761899327746	0.17328114536579575				2.033524383098745	1.9147478815954224	2.155659365862347	6.405424108699398	5.7709683179263624	7.1552449677044185	0.5605520039894983	0.5605520039894983	0.5605520039894983						
76	real	819.0	0.08959211897892053			0.07495721496233897						1.1952434335231723			13.340943903831455			0.2298576943562249			0					
76	BDPN(p)		0.08838126226547467	0.08360259948533152	0.09314921241280656	0.07426314957716101	0.06911183437251689	0.07903116704490024	949441.6428595051	0.001	1000000.0	1.19010926372904	1.1257615649396424	1.2543127101823563	13.465628722910257	12.653235899096195	14.469301952107664	0.2298576943562249	0.2298576943562249	0.2298576943562249	0.0	0.0	0.0029296875	1.0532506210578929e-06	1e-06	1000.0
76	BD(p)		0.08838126226547467	0.08360259948533152	0.09314921241280656	0.07426314957716101	0.06911183437251689	0.07903116704490024				1.19010926372904	1.1257615649396424	1.2543127101823563	13.465628722910257	12.653235899096195	14.469301952107664	0.2298576943562249	0.2298576943562249	0.2298576943562249						
77	BD(p)		0.4193517897734593	0.3964731762702232	0.4431836495578293	0.12783401667054894	0.10999798307625304	0.14690506475830473				3.2804397506667065	3.101468502644372	3.4668679049645488	7.822643972591256	6.807117247082312	9.091075781878457	0.5221658559215578	0.5221658559215578	0.5221658559215578						
77	real	575.0	0.4193986469979094			0.13119621625564132						3.1967282210387347			7.622171039227672			0.5221658559215578			0					
77	BDPN(p)		0.4193517897734593	0.3964731762702232	0.4431836495578293	0.12783401667054894	0.10999798307625304	0.14690506475830473	939600.2905315745	0.001	1000000.0	3.2804397506667065	3.101468502644372	3.4668679049645488	7.822643972591256	6.807117247082312	9.091075781878457	0.5221658559215578	0.5221658559215578	0.5221658559215578	0.0	0.0	0.00390625	1.0642823443937577e-06	1e-06	1000.0
78	real	898.0	0.43379848518253034			0.1806869656039313						2.400828879563031			5.534433525172014			0.1566952333977727			0					
78	BD(p)		0.4337600463527483	0.4185458259731595	0.4499654774127878	0.1805034004671676	0.16227258635722086	0.1995734439661516				2.40305747830854	2.318769756635639	2.4928365684425637	5.540061834912044	5.01068669321357	6.162470337402753	0.1566952333977727	0.1566952333977727	0.1566952333977727						
78	BDPN(p)		0.4336524051721542	0.4184419690528206	0.4498578379773224	0.18027512773605156	0.16136720410763986	0.20029867798163944	7.9014459572983595	0.001	1000000.0	2.405503247275925	2.3211297881617883	2.495396029539795	5.547076918254316	4.992544184898045	6.197046082132966	0.1566952333977727	0.1566952333977727	0.1566952333977727	0.0004521654437096086	0.0	0.012165616629916136	0.1265591140411871	1e-06	1000.0
79	BDPN(p)		0.3242394639037951	0.3090876140333048	0.34044667056226685	0.14659135668212772	0.13123601828205958	0.16280144345403216	362198.0745603883	0.001	1000000.0	2.211859356802897	2.108498215918268	2.322419808832929	6.821684597465214	6.142451680917407	7.619859342659618	0.3705387680563052	0.3705387680563052	0.3705387680563052	0.0	0.0	0.0029296875	2.7609202539625117e-06	1e-06	1000.0
79	real	739.0	0.33050621889598186			0.15370607299171704						2.1502482788288546			6.505923809880227			0.3705387680563052			0					
79	BD(p)		0.3242394639037951	0.3090876140333048	0.34044667056226685	0.14659135668212772	0.13123601828205958	0.16280144345403216				2.211859356802897	2.108498215918268	2.322419808832929	6.821684597465214	6.142451680917407	7.619859342659618	0.3705387680563052	0.3705387680563052	0.3705387680563052						
80	real	716.0	0.10929711379292277			0.0776242355801031						1.4080282140767149			12.882574527488464			0.28907024971957745			0					
80	BDPN(p)		0.11135980185931067	0.10532450019512962	0.11803477866727405	0.07869450713478023	0.07201763542788506	0.08536970200711189	883985.8162975207	0.001	1000000.0	1.4150898952653015	1.338397100762575	1.4999112767186615	12.707367215443616	11.713757650421373	13.885487826122134	0.28907024971957745	0.28907024971957745	0.28907024971957745	0.0	0.0	0.00390625	1.1312398701015276e-06	1e-06	1000.0
80	BD(p)		0.11135980185931067	0.10532450019512962	0.11803477866727405	0.07869450713478023	0.07201763542788506	0.08536970200711189				1.4150898952653015	1.338397100762575	1.4999112767186615	12.707367215443616	11.713757650421373	13.885487826122134	0.28907024971957745	0.28907024971957745	0.28907024971957745						
81	BD(p)		0.29743877494008714	0.28412218934707545	0.3107862441336896	0.0910121315684359	0.0769477360108678	0.10626953189601818				3.2681222801207577	3.1218056807452297	3.4147782144844743	10.987546195949244	9.410034862847354	12.995833949666356	0.19350843121488906	0.19350843121488906	0.19350843121488906						
81	BDPN(p)		0.2974378651448722	0.2841213204215673	0.3107853343506217	0.09099659350246607	0.07693462576770574	0.1062539940671404	15.772133500518244	0.001	1000000.0	3.2686703281569707	3.122329193717208	3.4153513047958133	10.989422367474663	9.411410919462606	12.998048538240402	0.19350843121488906	0.19350843121488906	0.19350843121488906	2.8046798685986548e-05	0.0	0.008816862793619411	0.06340296320514545	1e-06	1000.0
81	real	529.0	0.29597994849427134			0.08602541004480671						3.4406107258321565			11.624472344614755			0.19350843121488906			0					
82	BD(p)		0.26360314005211344	0.2507807211042564	0.2769510610001795	0.1084038403269637	0.09749563779375643	0.11984669154033885				2.431677136686701	2.313393329497006	2.5548085765674893	9.224765441739306	8.343993373095433	10.256869154652984	0.6349763803672529	0.6349763803672529	0.6349763803672529						
82	real	958.0	0.2769619234595702			0.10313113567311796						2.6855315967567956			9.69639278645759			0.6349763803672529			0					
82	BDPN(p)		0.2635411229924115	0.2507217322212976	0.2768890447684946	0.10805165923648406	0.09717922509527864	0.11949451448025195	11.696219913487706	0.001	1000000.0	2.4390289316670284	2.320387618227712	2.5625617109913104	9.254832429841539	8.368584987767477	10.290265218924699	0.6349763803672529	0.6349763803672529	0.6349763803672529	0.0021201512762289206	0.0	0.01966100799207646	0.08549770843884627	1e-06	1000.0
83	BD(p)		0.20816434692122093	0.19197963231800053	0.2253269112386909	0.15053178791864588	0.1353449657081584	0.16674181080645314				1.3828597255067632	1.2753428028221847	1.4968726164367865	6.643115144161078	5.997296030092643	7.388527491715353	0.7922604318367469	0.7922604318367469	0.7922604318367469						
83	real	516.0	0.21343037096367837			0.1389831642261117						1.5356562944303709			7.195116081636335			0.7922604318367469			0					
83	BDPN(p)		0.20813176517203705	0.1919495960179716	0.2252943300488098	0.1504005761977471	0.13464348417689098	0.16661060121281954	3.647570347431677	0.001	1000000.0	1.3838495199538652	1.2762557223557158	1.4979618811605626	6.648910697557416	6.002019035527356	7.42702111515643	0.7922604318367469	0.7922604318367469	0.7922604318367469	0.00100204529644819	0.0	0.055634745944298666	0.27415509633806484	1e-06	1000.0
84	BDPN(p)		0.2780552690651769	0.2623626854657821	0.2942632244832162	0.1141614630258882	0.1009003540775419	0.12846494467915376	945428.9820492396	0.001	1000000.0	2.4356316194206693	2.298172067103648	2.5776055832123195	8.759523340842536	7.784224735374613	9.910767996230224	0.6337642642081074	0.6337642642081074	0.6337642642081074	0.0	0.0	0.00390625	1.0577209065798642e-06	1e-06	1000.0
84	real	680.0	0.29548536180006724			0.1188532491701406						2.4861361709773244			8.413737167323728			0.6337642642081074			0					
84	BD(p)		0.2780552690651769	0.2623626854657821	0.2942632244832162	0.1141614630258882	0.1009003540775419	0.12846494467915376				2.4356316194206693	2.298172067103648	2.5776055832123195	8.759523340842536	7.784224735374613	9.910767996230224	0.6337642642081074	0.6337642642081074	0.6337642642081074						
85	BDPN(p)		0.2923647756494174	0.27643076448108983	0.3085724990751051	0.13707914400228785	0.11953769184574295	0.15328938499059191	8.2005336547672	0.001	1000000.0	2.132817342691736	2.0165778426255434	2.251053588939504	7.295055767077959	6.523608924788723	8.365562230283372	0.42505751318414464	0.42505751318414464	0.42505751318414464	0.00018936373685331874	0.0	0.01776416007741644	0.12194328346164054	1e-06	1000.0
85	BD(p)		0.2923783621535978	0.2764436079733229	0.3085860853590149	0.13712499470177372	0.12223632340626722	0.15333523494672502				2.1322032703773437	2.015997218993854	2.2503999801797128	7.292616507842716	6.521658249960886	8.180874327153795	0.42505751318414464	0.42505751318414464	0.42505751318414464						
85	real	620.0	0.30166379686095746			0.13856440234757966						2.177065622556172			7.216860774180413			0.42505751318414464			0					
86	real	674.0	0.26189054209340806			0.10663490157488373						2.4559552100256496			9.37779268542538			0.6214752170461335			0					
86	BDPN(p)		0.2526117795431987	0.2378689018355894	0.26786671405583995	0.12229607864846866	0.1090293200462924	0.13659944393512435	155237.4475968106	0.001	1000000.0	2.065575465173444	1.9450247666511575	2.1903131892380925	8.176877059765985	7.3206740173476375	9.171844780609597	0.6214752170461335	0.6214752170461335	0.6214752170461335	0.0	0.0	0.00390625	6.4417446658698175e-06	1e-06	1000.0
86	BD(p)		0.2526117795431987	0.2378689018355894	0.26786671405583995	0.12229607864846866	0.1090293200462924	0.13659944393512435				2.065575465173444	1.9450247666511575	2.1903131892380925	8.176877059765985	7.3206740173476375	9.171844780609597	0.6214752170461335	0.6214752170461335	0.6214752170461335						
87	BD(p)		0.5408714829687189	0.5213644079005131	0.5608878114931727	0.1267937368863784	0.10812122906730663	0.14777191160884826				4.2657586742900495	4.111909789106656	4.423623952307612	7.886824890223982	6.767185922633232	9.248877474168273	0.17152531299817042	0.17152531299817042	0.17152531299817042						
87	real	697.0	0.5363798662958712			0.13311832172251592						4.029346669603834			7.51211393788822			0.17152531299817042			0					
87	BDPN(p)		0.5408714829687189	0.5213644079005131	0.5608878114931727	0.1267937368863784	0.10812122906730663	0.14777191160884826	144425.43778685728	0.001	1000000.0	4.2657586742900495	4.111909789106656	4.423623952307612	7.886824890223982	6.767185922633232	9.248877474168273	0.17152531299817042	0.17152531299817042	0.17152531299817042	0.0	0.0	0.0029296875	6.923988012941305e-06	1e-06	1000.0
88	real	1000.0	0.5741451838544173			0.14296403806811175						4.016011240399349			6.994766051051063			0.4692408152106107			0					
88	BDPN(p)		0.5802605532140371	0.5570675037201158	0.6040885766345327	0.13299538901846394	0.1175271793678627	0.1501592436966157	763801.308775887	0.001	1000000.0	4.363012563792559	4.1886226870826135	4.542176846075966	7.519057670948039	6.6595966747169895	8.508670125316101	0.4692408152106107	0.4692408152106107	0.4692408152106107	0.0	0.0	0.0029296875	1.3092410140048842e-06	1e-06	1000.0
88	BD(p)		0.5802605532140371	0.5570675037201158	0.6040885766345327	0.13299538901846394	0.1175271793678627	0.1501592436966157				4.363012563792559	4.1886226870826135	4.542176846075966	7.519057670948039	6.6595966747169895	8.508670125316101	0.4692408152106107	0.4692408152106107	0.4692408152106107						
89	real	880.0	0.6490334934191136			0.13483944526135136						4.813380032535214			7.416227484930384			0.2988035641436283			0					
89	BD(p)		0.6371933342321886	0.6135845972196661	0.6610200002694087	0.1263997037231565	0.10876537038708764	0.14547077916826065				5.041098321146257	4.854319900650661	5.229600867713975	7.9114109491128435	6.874232789001129	9.194102832924454	0.2988035641436283	0.2988035641436283	0.2988035641436283						
89	BDPN(p)		0.637601696338097	0.6139778052630505	0.6614283526392061	0.12334608432414065	0.10614116621605836	0.14241721801241264	25.020727544364878	4.762444731648539	415.0637635497992	5.1692090578452925	4.9776837961842455	5.362378191925747	8.107269926559681	7.021622904562307	9.42141523077318	0.2988035641436283	0.2988035641436283	0.2988035641436283	0.007176965008830991	0.0	0.019781163695242316	0.03996686340262789	0.002409268377098451	0.20997619003419826
90	BDPN(p)		0.2893518758833829	0.2792145052468577	0.2998392579418748	0.07925092289188948	0.07008089286549618	0.08878691026025484	927591.162609141	0.001	1000000.0	3.651085253330155	3.5231703942142034	3.7834166089258288	12.618149587534203	11.262921494494744	14.269224593346223	0.2638365164768421	0.2638365164768421	0.2638365164768421	0.0	0.0	0.0029296875	1.0780611548596328e-06	1e-06	1000.0
90	real	975.0	0.2888051878155017			0.07650597672847394						3.7749362881869377			13.070874234428546			0.2638365164768421			0					
90	BD(p)		0.2893518758833829	0.2792145052468577	0.2998392579418748	0.07925092289188948	0.07008089286549618	0.08878691026025484				3.651085253330155	3.5231703942142034	3.7834166089258288	12.618149587534203	11.262921494494744	14.269224593346223	0.2638365164768421	0.2638365164768421	0.2638365164768421						
91	real	849.0	0.4786065147808589			0.15827735028353027						3.023847151367563			6.318023382427423			0.19789442687819286			0					
91	BD(p)		0.4675889574407999	0.4511854394057717	0.4847470684396841	0.14772964537847774	0.12996160238342772	0.16680031398723133				3.16516672224356	3.0541293066117614	3.2813120697459235	6.7691220502021645	5.995192551475357	7.694580411910317	0.19789442687819286	0.19789442687819286	0.19789442687819286						
91	BDPN(p)		0.4674024099076429	0.4491835657706257	0.4845605241088278	0.14718560653281734	0.12777033066517754	0.16625628551828842	7.861782909225549	0.001	1000000.0	3.1755986262381453	3.0518172010961764	3.2921733009320278	6.794142603726909	6.014810188274048	7.826543101156265	0.19789442687819286	0.19789442687819286	0.19789442687819286	0.0012920205332301105	0.0	0.014946231190002353	0.12719761045888614	1e-06	1000.0
92	BD(p)		0.21795282708512664	0.2077831633155113	0.2284409581494482	0.08795772495223478	0.07912608101177343	0.09749362928606513				2.477927063296434	2.362307158675914	2.597167653818951	11.369098058675888	10.257080460773565	12.638057985599044	0.4928267571628458	0.4928267571628458	0.4928267571628458						
92	BDPN(p)		0.21795282708512664	0.2077831633155113	0.2284409581494482	0.08795772495223478	0.07912608101177343	0.09749362928606513	200836.24025887792	0.001	1000000.0	2.477927063296434	2.362307158675914	2.597167653818951	11.369098058675888	10.257080460773565	12.638057985599044	0.4928267571628458	0.4928267571628458	0.4928267571628458	0.0	0.0	0.0029296875	4.979181041783096e-06	1e-06	1000.0
92	real	945.0	0.22480477057349063			0.08119978606955798						2.7685389513331558			12.31530338199872			0.4928267571628458			0					
93	real	688.0	0.4056863486806883			0.08810464931403517						4.604596373054992			11.350138815440458			0.5983009993527243			0					
93	BD(p)		0.40809970172467896	0.3866315533915417	0.4300252595353292	0.08715821918203473	0.07504221960956109	0.101462087119802				4.682285911238508	4.435973532043381	4.933846326497308	11.473387242016098	9.85589818213816	13.325831847764142	0.5983009993527243	0.5983009993527243	0.5983009993527243						
93	BDPN(p)		0.40809970172467896	0.3866315533915417	0.4300252595353292	0.08715821918203473	0.07504221960956109	0.101462087119802	374892.4261079847	0.001	1000000.0	4.682285911238508	4.435973532043381	4.933846326497308	11.473387242016098	9.85589818213816	13.325831847764142	0.5983009993527243	0.5983009993527243	0.5983009993527243	0.0	0.0	0.00390625	2.667431856070515e-06	1e-06	1000.0
94	BD(p)		0.2636487412673886	0.2533890248116312	0.2741363929624933	0.0610929039835745	0.053581290985627694	0.06967544846662976				4.315537878806243	4.147601575458872	4.487205143107912	16.368513113550158	14.352257818318002	18.663230795768506	0.4087278698583624	0.4087278698583624	0.4087278698583624						
94	real	969.0	0.2619336619588673			0.06080637663555888						4.307667656778145			16.44564362046219			0.4087278698583624			0					
94	BDPN(p)		0.2636487412673886	0.2533890248116312	0.2741363929624933	0.0610929039835745	0.053581290985627694	0.06967544846662976	295174.6309774216	0.001	1000000.0	4.315537878806243	4.147601575458872	4.487205143107912	16.368513113550158	14.352257818318002	18.663230795768506	0.4087278698583624	0.4087278698583624	0.4087278698583624	0.0	0.0	0.0029296875	3.3878250196795934e-06	1e-06	1000.0
95	real	614.0	0.3214637668087279			0.15931462137615926						2.017791989410167			6.276887779426664			0.8146306827816988			0					
95	BDPN(p)		0.3113125592557547	0.2907058658676772	0.3332402400448793	0.16031407724454588	0.1428891000459237	0.17938450582431034	6.734238725232536	0.001	1000000.0	1.9418915955887837	1.8133520827633207	2.0786711046999877	6.237755393586443	5.5746174699134965	6.9984344479642315	0.8146306827816988	0.8146306827816988	0.8146306827816988	0.0004371854568849056	0.0	0.030697387850279995	0.14849488424773205	1e-06	1000.0
95	BD(p)		0.3113412688305163	0.2907326689472398	0.3332689489899105	0.16039620009617608	0.14296224071065686	0.17946662710957145				1.94107633874014	1.8125907519811064	2.07778581281899	6.23456166293456	5.572066607065951	6.9948539910193	0.8146306827816988	0.8146306827816988	0.8146306827816988						
96	BDPN(p)		0.16430437034231787	0.15601157028587204	0.17288602895425148	0.08072782514486933	0.07138472063570496	0.09026379842839724	748491.0922084783	0.001	1000000.0	2.035287957373645	1.9325625334994845	2.141591559589281	12.387302620942155	11.078638583919787	14.008600035058812	0.24798519314815706	0.24798519314815706	0.24798519314815706	0.0	0.0	0.00390625	1.33602124381925e-06	1e-06	1000.0
96	BD(p)		0.16430437034231787	0.15601157028587204	0.17288602895425148	0.08072782514486933	0.07138472063570496	0.09026379842839724				2.035287957373645	1.9325625334994845	2.141591559589281	12.387302620942155	11.078638583919787	14.008600035058812	0.24798519314815706	0.24798519314815706	0.24798519314815706						
96	real	577.0	0.17008359620515598			0.08736737037001485						1.94676336811815			11.445920779861398			0.24798519314815706			0					
97	BDPN(p)		0.2461305868929625	0.2346400906323549	0.2575718619488071	0.1131771609758464	0.101784168064237	0.12461995756290188	15.96455638639188	0.001	1000000.0	2.174737241778757	2.073210607239304	2.275828972276276	8.835704937088979	8.024396890804994	9.824710650175874	0.3620289630388917	0.3620289630388917	0.3620289630388917	0.004462363870460566	0.0	0.01807322998941912	0.06263875899817647	1e-06	1000.0
97	BD(p)		0.2464475232452771	0.23494217059315475	0.257888794674073	0.1140292725886066	0.10254973709132624	0.12547205942401854				2.1612654158937543	2.0603671781786788	2.2616016819161957	8.769677972144816	7.9699018617412944	9.751365809055605	0.3620289630388917	0.3620289630388917	0.3620289630388917						
97	real	841.0	0.25002595824482066			0.12174792910780316						2.0536362308342198			8.213692071218214			0.3620289630388917			0					
98	BD(p)		0.5753708023348293	0.5568608057752107	0.5944333143358224	0.16655961815207024	0.14521794862465492	0.18944398949870064				3.454443572328025	3.3433122142894947	3.5688921536377447	6.003856223343357	5.278605051794789	6.886201116810304	0.1261796422757394	0.1261796422757394	0.1261796422757394						
98	real	792.0	0.5575748753718205			0.1541626628125054						3.616795825912466			6.486654951051363			0.1261796422757394			0					
98	BDPN(p)		0.5753708023348293	0.5568608057752107	0.5944333143358224	0.16655961815207024	0.14521794862465492	0.18944398949870064	174160.89807789095	0.001	1000000.0	3.454443572328025	3.3433122142894947	3.5688921536377447	6.003856223343357	5.278605051794789	6.886201116810304	0.1261796422757394	0.1261796422757394	0.1261796422757394	0.0	0.0	0.0029296875	5.741816969459841e-06	1e-06	1000.0
99	BDPN(p)		0.383642027990592	0.3679477260612902	0.3998482715871689	0.12994160365545887	0.11180919064140996	0.14996616193861928	537312.2623773643	0.001	1000000.0	2.952418757335192	2.831639103338345	3.0771381939180116	7.695764650184766	6.6681709198458865	8.94380859268681	0.1680078173886136	0.1680078173886136	0.1680078173886136	0.0	0.0	0.00390625	1.8611151652773587e-06	1e-06	1000.0
99	real	575.0	0.38189862606165675			0.13083104035134088						2.919021548984745			7.643446060770785			0.1680078173886136			0					
99	BD(p)		0.383642027990592	0.3679477260612902	0.3998482715871689	0.12994160365545887	0.11180919064140996	0.14996616193861928				2.952418757335192	2.831639103338345	3.0771381939180116	7.695764650184766	6.6681709198458865	8.94380859268681	0.1680078173886136	0.1680078173886136	0.1680078173886136						
